# D = 1, E = 1, I = 1, P = 0, R = -1, n = 500, N = 1, P = 0, w = 1, a = 0.1, b = 1000, e = 1, f = 1, g = 10, h = 0.1, r = 1663247885, s = 1, S = 0, x = 10, m = 0, Z = 1, z = 0, T = 1, t = 1
# 598770 tokens in 51238 sentences
#
# It	Temp	Time	-logP	tables	same	changed	reject	default_pya	(parent pym pyn pya pyb)*
0	1	11.5301	3.0406e+06	498454	0	51238	0	0.1 SuffixMorph 43509 43509 0.1 1000 Prefix 51238 51238 0.1 1000 Stem 51238 51238 0.1 1000 Suffix 51238 51238 0.1 1000 SubMorph 257688 257688 0.1 1000 PrefixMorph 43543 43543 0.1 1000
10	1	1277.99	1.44821e+06	43820	810	50428	2	0.1 SuffixMorph 1388 4269 0.448079 199.995 Prefix 11829 51238 0.00172853 4550.35 Stem 9959 51238 0.205797 2079.87 Suffix 10799 51238 0.198557 2387.45 SubMorph 4676 23915 0.0046017 1635.57 PrefixMorph 5169 15714 0.140904 1769.23
20	1	2016.87	1.41338e+06	41671	792	50446	1	0.1 SuffixMorph 941 2668 0.55279 94.1356 Prefix 12424 51238 0.0178762 4720.32 Stem 8291 51238 0.241677 1315.34 Suffix 10399 51238 0.363658 1232.54 SubMorph 3699 22484 0.00441305 1192.22 PrefixMorph 5917 17588 0.190758 1894.78
30	1	2765.28	1.39191e+06	41845	825	50413	0	0.1 SuffixMorph 676 2000 0.551971 51.8474 Prefix 12972 51238 0.00969793 5152.28 Stem 7624 51238 0.270345 1071.99 Suffix 10929 51238 0.471244 785.555 SubMorph 3399 21898 0.00477388 1064.08 PrefixMorph 6245 18760 0.222679 1845.59
40	1	3536.11	1.37853e+06	41151	813	50425	0	0.1 SuffixMorph 470 1522 0.53523 34.7448 Prefix 13703 51238 0.0212271 5576.45 Stem 6863 51238 0.303623 731.916 Suffix 10387 51238 0.496393 598.747 SubMorph 3087 21445 0.0230149 908.301 PrefixMorph 6641 19867 0.20665 2061.75
50	1	4301.15	1.37265e+06	41517	813	50425	1	0.1 SuffixMorph 386 1064 0.474767 32.9317 Prefix 14381 51238 0.0727116 5252.33 Stem 6540 51238 0.303294 727.385 Suffix 10144 51238 0.495758 562.262 SubMorph 3068 21458 0.000550438 954.536 PrefixMorph 6998 20725 0.243774 2066.14
60	1	5067.63	1.36715e+06	41646	806	50432	0	0.1 SuffixMorph 339 964 0.519554 30.2859 Prefix 14775 51238 0.0617129 5664.1 Stem 6128 51238 0.313735 608.945 Suffix 10093 51238 0.521311 504.908 SubMorph 2989 21447 0.00455455 883.923 PrefixMorph 7322 21236 0.269126 1951.48
70	1	5830.78	1.36195e+06	42057	796	50442	1	0.1 SuffixMorph 371 847 0.721105 5.76285 Prefix 15246 51238 0.0893129 5697.25 Stem 5832 51238 0.296257 621.324 Suffix 10370 51238 0.547216 426.526 SubMorph 2891 21232 0.000733433 869.974 PrefixMorph 7347 21926 0.237516 2109.63
80	1	6581.06	1.3551e+06	42173	825	50413	1	0.1 SuffixMorph 328 754 0.621112 22.135 Prefix 15519 51238 0.148977 4982.58 Stem 5736 51238 0.334676 501.819 Suffix 10079 51238 0.558059 352.017 SubMorph 2913 21420 0.00102018 863.52 PrefixMorph 7598 22292 0.255288 2081.17
90	1	7367.69	1.35167e+06	42340	812	50426	0	0.1 SuffixMorph 277 673 0.588884 27.8512 Prefix 15925 51238 0.134918 5560.83 Stem 5523 51238 0.312151 546.078 Suffix 10028 51238 0.57508 317.187 SubMorph 2866 21440 0.0105846 872.876 PrefixMorph 7721 22729 0.25197 2217.32
100	1	8125.44	1.3461e+06	42451	818	50420	0	0.1 SuffixMorph 292 682 0.622774 31.7946 Prefix 15933 51238 0.142475 5408.38 Stem 5404 51238 0.315814 527.135 Suffix 10093 51238 0.601611 241.894 SubMorph 2834 21587 0.0106189 830.511 PrefixMorph 7895 22648 0.267691 2200.39
110	1	8874.99	1.34364e+06	42257	833	50405	0	0.1 SuffixMorph 268 629 0.534756 28.1155 Prefix 16061 51238 0.165412 5168.65 Stem 5240 51238 0.30876 482.082 Suffix 9935 51238 0.607999 187.644 SubMorph 2816 21340 0.0282929 782.635 PrefixMorph 7937 22956 0.242741 2415.91
120	1	9616.99	1.34351e+06	41977	678	50560	1	0.1 SuffixMorph 249 594 0.605258 15.9779 Prefix 16419 51238 0.156573 5522.14 Stem 5267 51238 0.309071 477.573 Suffix 9334 51238 0.59701 193.221 SubMorph 2787 21456 0.00228075 810.213 PrefixMorph 7921 23321 0.211011 2443.78
130	1	10362.5	1.33757e+06	42392	761	50477	1	0.1 SuffixMorph 221 557 0.439338 43.3637 Prefix 16301 51238 0.162621 5280.98 Stem 5229 51238 0.326681 429.442 Suffix 9912 51238 0.615718 197.117 SubMorph 2789 21330 0.0212637 781.723 PrefixMorph 7940 23240 0.261633 2241.83
140	1	11160.4	1.34103e+06	43089	806	50432	0	0.1 SuffixMorph 213 524 0.562577 24.8063 Prefix 16456 51238 0.153675 5606.33 Stem 5191 51238 0.314533 448.317 Suffix 10082 51238 0.598636 214.397 SubMorph 2940 21603 0.0466765 756.802 PrefixMorph 8207 23389 0.264836 2374.37
150	1	11952.9	1.33617e+06	43303	782	50456	1	0.1 SuffixMorph 200 558 0.387669 36.9753 Prefix 16761 51238 0.170678 5586.38 Stem 5029 51238 0.317446 431.197 Suffix 10191 51238 0.609761 239.095 SubMorph 2821 21539 0.00452164 813.459 PrefixMorph 8301 23674 0.246545 2414.88
160	1	12735.8	1.3309e+06	42945	677	50561	1	0.1 SuffixMorph 193 532 0.151192 80.3483 Prefix 16841 51238 0.167813 5784.89 Stem 4893 51238 0.331761 370.364 Suffix 9905 51238 0.611173 202.102 SubMorph 2739 21495 0.0017139 774.427 PrefixMorph 8374 23765 0.304075 2082.53
170	1	13516.3	1.33281e+06	42855	682	50556	2	0.1 SuffixMorph 183 535 0.25365 47.9382 Prefix 16795 51238 0.188266 5438.91 Stem 4859 51238 0.321769 393.432 Suffix 9651 51238 0.61375 175.329 SubMorph 2838 21639 0.0108202 838.038 PrefixMorph 8529 23728 0.31695 2074.27
180	1	14286.1	1.33047e+06	42497	651	50587	2	0.1 SuffixMorph 188 530 0.565313 24.9389 Prefix 16743 51238 0.173547 5636.62 Stem 4944 51238 0.312374 449.55 Suffix 9643 51238 0.614337 183.069 SubMorph 2698 21469 0.00243481 769.983 PrefixMorph 8281 23666 0.257505 2319.78
190	1	15034.3	1.32786e+06	42063	655	50583	2	0.1 SuffixMorph 198 462 0.600487 12.0723 Prefix 16937 51238 0.197677 5264.3 Stem 4749 51238 0.331422 375.877 Suffix 9023 51238 0.612136 147.959 SubMorph 2739 21270 0.0078105 784.207 PrefixMorph 8417 23931 0.288709 2178.89
