# D = 1, E = 1, I = 1, P = 0, R = -1, n = 500, N = 1, P = 0, w = 1, a = 0.1, b = 1000, e = 1, f = 1, g = 10, h = 0.1, r = 1663088567, s = 1, S = 0, x = 10, m = 0, Z = 1, z = 0, T = 1, t = 1
# 776864 tokens in 61190 sentences
#
# It	Temp	Time	-logP	tables	same	changed	reject	default_pya	(parent pym pyn pya pyb)*
0	1	16.1917	4.23467e+06	633595	0	61190	0	0.1 Prefix 61190 61190 0.1 1000 Suffix 61190 61190 0.1 1000 SuffixMorph 57155 57155 0.1 1000 Stem 61190 61190 0.1 1000 PrefixMorph 57331 57331 0.1 1000 SubMorph 335539 335539 0.1 1000
10	1	1592.17	1.79778e+06	49224	1472	59718	0	0.1 Prefix 14320 61190 0.000208164 5673.48 Suffix 11751 61190 0.268079 1933.89 SuffixMorph 1041 6829 0.0101439 303.859 Stem 10137 61190 0.00058726 3277.99 PrefixMorph 7015 19657 0.274453 1935.66 SubMorph 4960 27779 0.00137479 1652.15
20	1	2437.58	1.75615e+06	45694	1480	59710	0	0.1 Prefix 14467 61190 0.000191686 5692.19 Suffix 10985 61190 0.33546 1393.35 SuffixMorph 686 5829 0.0127709 202.76 Stem 8273 61190 0.00324086 2418.86 PrefixMorph 7327 19925 0.298321 1948.5 SubMorph 3956 25880 0.00470831 1257.88
30	1	3233.39	1.72922e+06	43942	1514	59676	0	0.1 Prefix 14744 61190 0.00013939 5868.16 Suffix 10178 61190 0.384221 959.961 SuffixMorph 576 4758 0.0283331 163.161 Stem 6907 61190 0.00100671 1935.85 PrefixMorph 7855 20573 0.321605 2068.87 SubMorph 3682 25034 0.00134925 1139.46
40	1	4005.45	1.70805e+06	42943	1624	59566	1	0.1 Prefix 15127 61190 2.16031e-05 6038.59 Suffix 9567 61190 0.406745 699.287 SuffixMorph 481 3982 0.0433707 132.62 Stem 6251 61190 0.0130202 1612.61 PrefixMorph 8026 21489 0.284958 2263.84 SubMorph 3491 24322 0.000214709 1088.02
50	1	4775.94	1.69518e+06	42932	1586	59604	1	0.1 Prefix 15254 61190 0.000115872 6115.99 Suffix 9826 61190 0.430663 650.938 SuffixMorph 449 3621 0.0137451 123.09 Stem 5709 61190 0.0381323 1306.82 PrefixMorph 8306 21976 0.298189 2328.33 SubMorph 3388 24107 0.00419377 1040.5
60	1	5555.95	1.67869e+06	42592	1666	59524	1	0.1 Prefix 15564 61190 0.000605662 6306.3 Suffix 9561 61190 0.472735 483.956 SuffixMorph 406 3107 0.00628605 110.879 Stem 5355 61190 0.106645 975.869 PrefixMorph 8414 22661 0.312298 2110.3 SubMorph 3292 23762 0.00327791 1009.27
70	1	6334.12	1.6699e+06	41940	1739	59451	2	0.1 Prefix 15634 61190 0.000412178 6393.76 Suffix 8961 61190 0.440363 564.836 SuffixMorph 360 2604 0.0185305 95.9075 Stem 5107 61190 0.109785 940.999 PrefixMorph 8555 23141 0.272512 2539.91 SubMorph 3323 23403 0.00848875 983.858
80	1	7087.61	1.66047e+06	41125	1684	59506	0	0.1 Prefix 15819 61190 0.00053176 6433.71 Suffix 8431 61190 0.429348 491.212 SuffixMorph 350 2324 0.0114199 110.696 Stem 4759 61190 0.172489 696.351 PrefixMorph 8654 23638 0.256654 2653.36 SubMorph 3112 23237 0.00052655 907.18
90	1	7856.09	1.65122e+06	41583	1846	59344	0	0.1 Prefix 15929 61190 7.46301e-05 6448.24 Suffix 8965 61190 0.455964 468.459 SuffixMorph 319 2044 0.0851264 77.5162 Stem 4499 61190 0.139665 687.293 PrefixMorph 8751 24005 0.29215 2395.89 SubMorph 3120 22978 0.0108036 901.995
100	1	8643.49	1.6413e+06	42109	1760	59430	0	0.1 Prefix 16243 61190 0.000527881 6792.46 Suffix 9025 61190 0.494416 351.512 SuffixMorph 312 1798 0.0202038 102.278 Stem 4368 61190 0.194311 521.741 PrefixMorph 8895 24391 0.280369 2577.79 SubMorph 3266 23013 0.000436429 960.784
110	1	9428.67	1.6337e+06	41858	1629	59561	0	0.1 Prefix 16304 61190 0.000145511 6869.11 Suffix 8882 61190 0.532735 251.833 SuffixMorph 309 1732 0.0123908 97.8325 Stem 4173 61190 0.201283 513.862 PrefixMorph 9035 24638 0.295789 2391.97 SubMorph 3155 22988 0.00161528 935.332
120	1	10216.6	1.62606e+06	41244	1637	59553	0	0.1 Prefix 16322 61190 0.00053133 6793.46 Suffix 8490 61190 0.518009 288.224 SuffixMorph 285 1479 0.0198933 86.3944 Stem 3983 61190 0.197227 479.05 PrefixMorph 9039 24911 0.292268 2402.59 SubMorph 3125 22735 0.0144922 904.719
130	1	10975.7	1.6172e+06	40971	1542	59648	0	0.1 Prefix 16410 61190 5.26072e-05 6874.37 Suffix 8237 61190 0.511982 272.048 SuffixMorph 264 1422 0.0381733 83.7737 Stem 3788 61190 0.231484 380.239 PrefixMorph 9227 25252 0.298677 2407.85 SubMorph 3045 22645 0.0046408 882.931
140	1	11730.7	1.60982e+06	41232	1483	59707	0	0.1 Prefix 16470 61190 9.04694e-05 6846.88 Suffix 8511 61190 0.540702 170.487 SuffixMorph 255 1390 0.04714 81.041 Stem 3625 61190 0.228064 362.61 PrefixMorph 9351 25305 0.303655 2567.81 SubMorph 3020 22536 0.00116051 958.646
150	1	12486.5	1.60678e+06	40940	1431	59759	0	0.1 Prefix 16566 61190 0.000596416 7055.26 Suffix 8358 61190 0.539087 178.522 SuffixMorph 217 1334 0.0136158 68.3749 Stem 3616 61190 0.255311 301.267 PrefixMorph 9180 25727 0.262122 2665.94 SubMorph 3003 22278 0.00320893 878.889
160	1	13222.4	1.60462e+06	40699	1356	59834	0	0.1 Prefix 16749 61190 0.00013038 7193.17 Suffix 7754 61190 0.508048 221.939 SuffixMorph 228 1147 0.10923 61.6665 Stem 3431 61190 0.2538 266.576 PrefixMorph 9534 25923 0.286223 2599.86 SubMorph 3003 22448 0.00165137 910.561
170	1	13946.2	1.59997e+06	40539	1356	59834	0	0.1 Prefix 16693 61190 0.000352522 6989.78 Suffix 7829 61190 0.519662 217.026 SuffixMorph 210 1051 0.114351 53.3172 Stem 3352 61190 0.261467 260.481 PrefixMorph 9476 25996 0.288623 2576.77 SubMorph 2979 22257 0.00377861 875.511
180	1	14669.1	1.59558e+06	40420	1233	59957	0	0.1 Prefix 16861 61190 0.000565335 7030.41 Suffix 7599 61190 0.523823 183.357 SuffixMorph 189 1055 0.0318624 51.2579 Stem 3270 61190 0.282149 243.169 PrefixMorph 9525 26133 0.291025 2576.8 SubMorph 2976 22122 0.0089486 863.319
190	1	15373.2	1.59232e+06	40450	1210	59980	0	0.1 Prefix 16934 61190 0.000189023 7291.23 Suffix 7545 61190 0.523446 210.081 SuffixMorph 180 1026 0.0871824 46.4241 Stem 3203 61190 0.282453 233.645 PrefixMorph 9683 26209 0.275244 2820.95 SubMorph 2905 22288 0.000935813 859.703
200	1	16071.3	1.58373e+06	40406	1309	59881	0	0.1 Prefix 17062 61190 0.000251629 7219.15 Suffix 7504 61190 0.531761 146.737 SuffixMorph 168 905 0.0160129 50.3392 Stem 3119 61190 0.280493 214.858 PrefixMorph 9618 26442 0.261332 2696.71 SubMorph 2935 22005 0.00676001 876.049
210	1	16789.8	1.57832e+06	40697	1263	59927	0	0.1 Prefix 16962 61190 4.45718e-05 7179.81 Suffix 7678 61190 0.55613 140.095 SuffixMorph 165 887 0.130941 43.9018 Stem 3100 61190 0.290154 203.452 PrefixMorph 9836 26525 0.256637 2903.54 SubMorph 2956 22060 0.00999616 844.991
220	1	17488.8	1.57753e+06	40289	1183	60007	0	0.1 Prefix 16979 61190 9.95341e-05 7289.96 Suffix 7454 61190 0.534492 171.993 SuffixMorph 163 840 0.147022 36.6459 Stem 2981 61190 0.307285 178.804 PrefixMorph 9779 26728 0.313934 2487.31 SubMorph 2933 21881 0.00504888 849.417
230	1	18180	1.57329e+06	39893	1097	60093	0	0.1 Prefix 16861 61190 0.000169042 7138.52 Suffix 7159 61190 0.543632 130.362 SuffixMorph 162 798 0.0357657 47.7119 Stem 2840 61190 0.283706 185.574 PrefixMorph 9913 26418 0.318436 2567.34 SubMorph 2958 22096 0.00467355 907.774
240	1	18860.6	1.57e+06	39756	1063	60127	1	0.1 Prefix 16978 61190 0.000225655 7289.66 Suffix 7088 61190 0.551478 113.175 SuffixMorph 148 729 0.089639 41.9661 Stem 2958 61190 0.297279 168.952 PrefixMorph 9703 26663 0.285491 2680.75 SubMorph 2881 21757 0.00445045 860.213
250	1	19545.3	1.56646e+06	40624	1078	60112	0	0.1 Prefix 16964 61190 2.40495e-06 7319.5 Suffix 7835 61190 0.575835 110.155 SuffixMorph 130 790 0.0280461 31.6751 Stem 2894 61190 0.314393 160.971 PrefixMorph 9911 26756 0.281032 2768.88 SubMorph 2890 21881 0.00273183 844.533
260	1	20280.5	1.56542e+06	41096	1120	60070	0	0.1 Prefix 17052 61190 0.00102092 7314.33 Suffix 8231 61190 0.596998 130.19 SuffixMorph 143 720 0.0261693 46.6759 Stem 2848 61190 0.299871 171.142 PrefixMorph 9925 26772 0.298702 2717.94 SubMorph 2897 21985 0.00386449 834.489
270	1	21014.3	1.56603e+06	40780	1028	60162	1	0.1 Prefix 17040 61190 0.000712888 7208.69 Suffix 7980 61190 0.563172 186.927 SuffixMorph 127 728 0.0796105 33.1517 Stem 2817 61190 0.301744 183.231 PrefixMorph 9980 26824 0.296555 2711.78 SubMorph 2836 21961 0.00602623 835.235
280	1	21748.5	1.55859e+06	40779	1080	60110	0	0.1 Prefix 17055 61190 0.000241517 7193.47 Suffix 8045 61190 0.596738 99.5831 SuffixMorph 121 677 0.0528883 51.4573 Stem 2804 61190 0.311936 164.227 PrefixMorph 9935 26867 0.265336 2903 SubMorph 2819 21913 0.00420794 790.085
290	1	22485.5	1.55799e+06	40761	1004	60186	0	0.1 Prefix 17042 61190 0.000186908 7401.73 Suffix 7992 61190 0.598115 99.6771 SuffixMorph 125 671 0.01286 50.7377 Stem 2710 61190 0.311618 140.953 PrefixMorph 10029 26873 0.284646 2772.97 SubMorph 2863 21810 0.00945259 798.075
300	1	23201.3	1.55836e+06	40619	1027	60163	0	0.1 Prefix 17178 61190 0.000408067 7456.78 Suffix 7879 61190 0.587401 119.594 SuffixMorph 129 633 0.0847239 36.657 Stem 2731 61190 0.314577 139.815 PrefixMorph 9914 26875 0.262878 2986.48 SubMorph 2788 21821 0.00342705 800.116
310	1	23934.5	1.55375e+06	41232	1039	60151	0	0.1 Prefix 17230 61190 0.000945209 7489.49 Suffix 8315 61190 0.607845 87.7301 SuffixMorph 121 611 0.0181218 37.9725 Stem 2683 61190 0.317965 162.973 PrefixMorph 10034 27046 0.287453 2774.84 SubMorph 2849 21941 0.00532529 786.851
320	1	24676.9	1.54811e+06	40884	1012	60178	0	0.1 Prefix 17161 61190 0.000123031 7301.04 Suffix 8200 61190 0.609451 100.075 SuffixMorph 121 651 0.0688329 24.4909 Stem 2620 61190 0.317724 145.182 PrefixMorph 9995 27045 0.244792 3094.28 SubMorph 2787 21716 0.00612841 818.118
330	1	25417.1	1.54961e+06	41096	991	60199	0	0.1 Prefix 17291 61190 0.00053211 7557.38 Suffix 8205 61190 0.61529 55.508 SuffixMorph 131 617 0.0433215 43.077 Stem 2614 61190 0.310982 137.227 PrefixMorph 9912 27038 0.275928 2739.09 SubMorph 2943 21720 0.00647887 859.928
340	1	26160.3	1.54836e+06	41099	989	60201	0	0.1 Prefix 17205 61190 0.000821459 7333.86 Suffix 8259 61190 0.626166 83.3672 SuffixMorph 118 584 0.0793246 27.8138 Stem 2655 61190 0.31137 135.983 PrefixMorph 9958 26986 0.283881 2860.15 SubMorph 2904 21708 0.0163528 852.615
350	1	26925.7	1.54807e+06	41771	1044	60146	0	0.1 Prefix 17219 61190 1.79484e-05 7505.66 Suffix 8975 61190 0.628565 96.7208 SuffixMorph 122 628 0.039106 35.5912 Stem 2601 61190 0.319093 126.836 PrefixMorph 9977 27082 0.245109 3039.71 SubMorph 2877 21653 0.00406733 860.793
360	1	27703.2	1.54688e+06	41479	1031	60159	0	0.1 Prefix 17346 61190 0.000180553 7580.09 Suffix 8630 61190 0.633382 61.3571 SuffixMorph 123 586 0.0661807 39.1047 Stem 2592 61190 0.324957 127.545 PrefixMorph 10036 27072 0.258184 3007.81 SubMorph 2752 21947 0.00142735 802.19
370	1	28492.9	1.55162e+06	42233	988	60202	1	0.1 Prefix 17221 61190 0.000168658 7393.42 Suffix 9320 61190 0.615109 125.323 SuffixMorph 121 594 0.0481127 51.477 Stem 2603 61190 0.315372 118.558 PrefixMorph 10258 27154 0.278369 2936.56 SubMorph 2710 21946 0.00677186 760.635
380	1	29308.5	1.55148e+06	42430	967	60223	0	0.1 Prefix 17369 61190 0.000164396 7634.8 Suffix 9430 61190 0.630784 98.1002 SuffixMorph 111 559 0.05471 36.7467 Stem 2591 61190 0.333252 115.762 PrefixMorph 10111 27304 0.269172 2938.6 SubMorph 2818 21975 0.00877593 801.573
390	1	30145.1	1.54424e+06	42729	1167	60023	0	0.1 Prefix 17335 61190 8.93974e-05 7477.65 Suffix 9618 61190 0.647083 61.1095 SuffixMorph 106 492 0.21964 17.554 Stem 2551 61190 0.3133 143.068 PrefixMorph 10266 27295 0.297887 2844.06 SubMorph 2853 21931 0.00163039 821.377
400	1	30978.5	1.54327e+06	42539	1105	60085	0	0.1 Prefix 17321 61190 0.000319041 7538.09 Suffix 9433 61190 0.648648 76.356 SuffixMorph 101 494 0.0362069 35.1208 Stem 2529 61190 0.322519 125.4 PrefixMorph 10214 27299 0.274288 2990.48 SubMorph 2941 21779 0.00500085 879.817
410	1	31790	1.54549e+06	41988	1013	60177	0	0.1 Prefix 17251 61190 0.000129918 7421.05 Suffix 9069 61190 0.628493 97.7089 SuffixMorph 94 475 0.0293418 25.5755 Stem 2524 61190 0.305699 125.552 PrefixMorph 10210 27313 0.288286 2923.92 SubMorph 2840 21717 0.00122858 853.582
420	1	32605.4	1.54675e+06	42074	894	60296	1	0.1 Prefix 17311 61190 2.4979e-05 7569.27 Suffix 9142 61190 0.633933 76.0611 SuffixMorph 91 483 0.0188934 24.7888 Stem 2492 61190 0.322799 128.218 PrefixMorph 10152 27367 0.256737 3101.35 SubMorph 2886 21582 0.00419455 866.923
430	1	33423.3	1.54597e+06	42557	986	60204	0	0.1 Prefix 17343 61190 0.00101547 7450 Suffix 9556 61190 0.639112 86.8087 SuffixMorph 95 466 0.123436 21.358 Stem 2506 61190 0.316383 110.428 PrefixMorph 10203 27420 0.279993 2939.64 SubMorph 2854 21711 0.0120356 814.144
440	1	34245.6	1.54565e+06	42050	1015	60175	0	0.1 Prefix 17202 61190 3.15935e-05 7476.2 Suffix 9350 61190 0.63237 70.5747 SuffixMorph 89 454 0.0258119 33.5928 Stem 2514 61190 0.342925 110.873 PrefixMorph 10068 27338 0.281316 2758.04 SubMorph 2827 21462 0.00509269 839.528
450	1	35073	1.5407e+06	42719	1022	60168	0	0.1 Prefix 17438 61190 0.000376347 7488.02 Suffix 9501 61190 0.655395 93.4197 SuffixMorph 90 445 0.0510682 28.6217 Stem 2544 61190 0.348483 93.4459 PrefixMorph 10320 27503 0.280329 2925.81 SubMorph 2826 21957 0.00514627 818.587
460	1	35901	1.54036e+06	42414	977	60213	0	0.1 Prefix 17495 61190 0.00025719 7637.96 Suffix 9351 61190 0.646698 84.2053 SuffixMorph 83 443 0.0153499 26.5887 Stem 2398 61190 0.317123 96.3702 PrefixMorph 10327 27467 0.289492 2849.67 SubMorph 2760 21871 0.0009831 797.6
470	1	36732.7	1.53687e+06	42667	1013	60177	0	0.1 Prefix 17388 61190 0.000200673 7461.64 Suffix 9863 61190 0.674232 58.0918 SuffixMorph 84 489 0.0369906 24.674 Stem 2473 61190 0.335012 95.0229 PrefixMorph 10173 27479 0.232531 3199.49 SubMorph 2686 21835 0.00872524 731.424
480	1	37581.9	1.53677e+06	42617	1066	60124	0	0.1 Prefix 17452 61190 0.000290485 7680.2 Suffix 9696 61190 0.655938 60.8375 SuffixMorph 81 421 0.00495534 24.2303 Stem 2412 61190 0.334335 106.905 PrefixMorph 10243 27559 0.271011 2998.19 SubMorph 2733 21677 0.00235574 794.065
490	1	38395.6	1.53757e+06	41821	949	60241	0	0.1 Prefix 17299 61190 7.30305e-06 7437.63 Suffix 9081 61190 0.633075 69.759 SuffixMorph 87 399 0.100515 23.6998 Stem 2442 61190 0.33149 123.563 PrefixMorph 10148 27369 0.289779 2813.08 SubMorph 2764 21721 0.014119 765.423
500	1	39189.5	1.53734e+06	41948	920	60270	0	0.1 Prefix 17404 61190 0.000902442 7550.77 Suffix 9039 61190 0.63029 74.9316 SuffixMorph 86 424 0.050125 27.5736 Stem 2428 61190 0.343434 88.278 PrefixMorph 10268 27529 0.287723 2919.56 SubMorph 2723 21782 0.000262166 798.835
