# D = 1, E = 1, I = 1, P = 0, R = -1, n = 500, N = 1, P = 0, w = 1, a = 0.1, b = 1000, e = 1, f = 1, g = 10, h = 0.1, r = 1660747633, s = 1, S = 0, x = 10, m = 0, Z = 1, z = 0, T = 1, t = 1
# 519052 tokens in 50000 sentences
#
# It	Temp	Time	-logP	tables	same	changed	reject	default_pya	(parent pym pyn pya pyb)*
0	1	8.14764	2.70939e+06	446301	0	50000	0	0.1 Prefix 50000 50000 0.1 1000 Suffix 50000 50000 0.1 1000 Stem 50000 50000 0.1 1000 PrefixMorph 36888 36888 0.1 1000 SuffixMorph 37080 37080 0.1 1000 SubMorph 222333 222333 0.1 1000
10	1	1045.74	1.36705e+06	42189	594	49406	0	0.1 Prefix 10427 50000 0.0570071 3450.92 Suffix 10199 50000 0.261959 1842.12 Stem 11644 50000 0.178827 2980.26 PrefixMorph 3704 7390 0.45661 833.71 SuffixMorph 1700 6005 0.335622 308.371 SubMorph 4515 24608 0.00556368 1492.82
20	1	1651.09	1.33939e+06	39678	524	49476	1	0.1 Prefix 9020 50000 0.0715221 2611.5 Suffix 10782 50000 0.421041 985.205 Stem 11632 50000 0.24676 2361.49 PrefixMorph 3079 5674 0.564115 601.136 SuffixMorph 1447 7090 0.330777 201.194 SubMorph 3718 24253 0.00132821 1163.98
30	1	2216.3	1.3263e+06	38298	524	49476	0	0.1 Prefix 8495 50000 0.125575 2032.17 Suffix 10792 50000 0.474117 708.262 Stem 11632 50000 0.23993 2521.31 PrefixMorph 2610 4349 0.620188 458.932 SuffixMorph 1369 7924 0.291084 207.309 SubMorph 3400 24483 0.0027846 1023.91
40	1	2758.29	1.31953e+06	37473	543	49457	2	0.1 Prefix 8027 50000 0.185679 1577.41 Suffix 10721 50000 0.481497 725.934 Stem 11822 50000 0.26624 2336.63 PrefixMorph 2190 3562 0.63764 402.335 SuffixMorph 1421 8577 0.358855 152.827 SubMorph 3292 24601 0.00295577 1000.64
50	1	3280	1.3193e+06	36691	540	49460	0	0.1 Prefix 7790 50000 0.156227 1630.23 Suffix 10509 50000 0.46957 724.755 Stem 11812 50000 0.222462 2637.08 PrefixMorph 1918 2981 0.657114 348.76 SuffixMorph 1486 8881 0.386785 123.975 SubMorph 3176 24552 0.00535305 948.721
60	1	3796.76	1.3185e+06	35918	528	49472	0	0.1 Prefix 7562 50000 0.170197 1498.17 Suffix 10162 50000 0.457871 781.809 Stem 11964 50000 0.257509 2442.03 PrefixMorph 1671 2550 0.649462 304.765 SuffixMorph 1430 9304 0.36282 148.791 SubMorph 3129 24432 0.00162461 929.332
70	1	4300.71	1.3129e+06	35449	461	49539	0	0.1 Prefix 7918 50000 0.257101 1193.28 Suffix 9715 50000 0.430389 788.024 Stem 11889 50000 0.219315 2682.08 PrefixMorph 1447 2162 0.715304 189.003 SuffixMorph 1461 9564 0.289925 200.898 SubMorph 3019 24174 0.0353049 766.23
80	1	4818.82	1.3056e+06	35605	448	49552	0	0.1 Prefix 8258 50000 0.316993 1032.59 Suffix 9854 50000 0.420879 849.441 Stem 11736 50000 0.21957 2683.07 PrefixMorph 1244 1788 0.665989 244.095 SuffixMorph 1523 10084 0.323424 180.209 SubMorph 2990 23802 0.00465502 888.967
90	1	5336.67	1.30442e+06	35046	417	49583	2	0.1 Prefix 8336 50000 0.316066 1042.46 Suffix 9530 50000 0.433016 826.501 Stem 11589 50000 0.23627 2442.47 PrefixMorph 1068 1466 0.792112 102.697 SuffixMorph 1488 10348 0.289808 206.666 SubMorph 3035 23369 0.0136246 876.83
100	1	5862.23	1.30403e+06	34808	424	49576	0	0.1 Prefix 8102 50000 0.333704 931.271 Suffix 9719 50000 0.408492 882.475 Stem 11560 50000 0.247395 2407.11 PrefixMorph 965 1356 0.742867 160.892 SuffixMorph 1452 10482 0.285164 183.514 SubMorph 3010 23295 0.00298833 886.363
110	1	6378.22	1.30198e+06	34402	434	49566	1	0.1 Prefix 7839 50000 0.334615 854.152 Suffix 9697 50000 0.409146 869.8 Stem 11484 50000 0.237037 2348.7 PrefixMorph 892 1175 0.808159 105.153 SuffixMorph 1489 10558 0.322559 164.741 SubMorph 3001 23229 0.00436365 878.525
120	1	6878.58	1.29952e+06	34166	424	49576	0	0.1 Prefix 7553 50000 0.347203 753.776 Suffix 9862 50000 0.407865 887.04 Stem 11396 50000 0.246004 2288.95 PrefixMorph 780 1033 0.751373 168.059 SuffixMorph 1472 10814 0.299534 202.225 SubMorph 3103 23064 0.0168336 896.231
130	1	7378.83	1.29493e+06	34207	356	49644	0	0.1 Prefix 7718 50000 0.393084 625.379 Suffix 9701 50000 0.410122 910.155 Stem 11548 50000 0.247882 2397.03 PrefixMorph 753 980 0.827897 71.2205 SuffixMorph 1424 10677 0.320332 137.488 SubMorph 3063 23243 0.0195393 875.264
140	1	7880.93	1.29152e+06	33537	409	49591	1	0.1 Prefix 7599 50000 0.391631 605.109 Suffix 9479 50000 0.42056 818.74 Stem 11323 50000 0.233819 2359.77 PrefixMorph 682 926 0.699694 116.275 SuffixMorph 1450 10641 0.265276 192.145 SubMorph 3004 22816 0.000235978 864.069
150	1	8370.04	1.29078e+06	33135	379	49621	1	0.1 Prefix 7436 50000 0.375628 643.451 Suffix 9181 50000 0.411789 758.581 Stem 11362 50000 0.23336 2428.05 PrefixMorph 687 866 0.816947 81.9739 SuffixMorph 1470 10352 0.326761 153.885 SubMorph 2999 22888 0.0119291 817.769
160	1	8850.87	1.2892e+06	32743	373	49627	1	0.1 Prefix 7178 50000 0.379972 541.873 Suffix 9321 50000 0.431063 739.73 Stem 11133 50000 0.195613 2625.94 PrefixMorph 636 848 0.743692 73.5564 SuffixMorph 1508 10625 0.300267 186.249 SubMorph 2967 22679 0.0129658 818.823
170	1	9310.19	1.28717e+06	32463	363	49637	1	0.1 Prefix 6837 50000 0.38583 495.01 Suffix 9211 50000 0.420533 770.35 Stem 11452 50000 0.24363 2356.69 PrefixMorph 660 821 0.846777 117.654 SuffixMorph 1428 10515 0.309533 158.104 SubMorph 2875 22974 0.0234203 788.447
180	1	9760.34	1.28412e+06	32532	352	49648	0	0.1 Prefix 6730 50000 0.404313 448.292 Suffix 9315 50000 0.441519 677.524 Stem 11445 50000 0.259304 2237.29 PrefixMorph 608 746 0.866277 79.4525 SuffixMorph 1457 10562 0.320437 154.53 SubMorph 2977 23080 0.00112447 867.113
190	1	10201.3	1.28291e+06	31877	342	49658	0	0.1 Prefix 6485 50000 0.38353 454.186 Suffix 9196 50000 0.426998 717.403 Stem 11323 50000 0.240621 2338.14 PrefixMorph 586 741 0.859296 29.0805 SuffixMorph 1347 10480 0.250002 178.18 SubMorph 2940 22811 0.00303952 855.102
200	1	10628.1	1.28147e+06	31699	374	49626	0	0.1 Prefix 6332 50000 0.380632 471.919 Suffix 9189 50000 0.433261 740.496 Stem 11326 50000 0.234369 2440.17 PrefixMorph 526 655 0.834454 14.158 SuffixMorph 1374 10439 0.247727 201.55 SubMorph 2952 22648 0.011318 845.313
210	1	11059.5	1.27868e+06	31770	353	49647	1	0.1 Prefix 6587 50000 0.400267 426.993 Suffix 9032 50000 0.435731 657.284 Stem 11311 50000 0.250628 2206.18 PrefixMorph 566 700 0.840194 36.0793 SuffixMorph 1370 10367 0.230134 213.541 SubMorph 2904 22728 0.00590492 845.757
220	1	11493.2	1.27746e+06	32131	333	49667	1	0.1 Prefix 6680 50000 0.42336 409.699 Suffix 9091 50000 0.428893 683.623 Stem 11378 50000 0.25019 2294.93 PrefixMorph 527 694 0.791768 57.0337 SuffixMorph 1482 10403 0.320956 179.421 SubMorph 2973 22908 0.00390316 853.484
230	1	11912.5	1.27857e+06	31545	323	49677	2	0.1 Prefix 6088 50000 0.399832 385.954 Suffix 9090 50000 0.44737 682.12 Stem 11326 50000 0.245428 2260.8 PrefixMorph 516 652 0.803102 51.9949 SuffixMorph 1528 10432 0.312427 168.745 SubMorph 2997 22938 0.00360875 872.698
240	1	12318.7	1.27474e+06	31672	282	49718	1	0.1 Prefix 5946 50000 0.389371 383.16 Suffix 9405 50000 0.464657 603.984 Stem 11371 50000 0.242591 2437.83 PrefixMorph 513 635 0.842743 38.9621 SuffixMorph 1422 10705 0.277227 192.048 SubMorph 3015 22768 0.0103447 890.901
250	1	12718.9	1.27425e+06	31242	310	49690	2	0.1 Prefix 5532 50000 0.379678 379.306 Suffix 9417 50000 0.451287 664.994 Stem 11330 50000 0.239315 2332.74 PrefixMorph 504 626 0.903935 7.41435e-05 SuffixMorph 1413 10564 0.265581 186.417 SubMorph 3046 22746 0.00273996 898.891
260	1	13099.5	1.27303e+06	30514	294	49706	1	0.1 Prefix 5420 50000 0.387909 350.14 Suffix 8896 50000 0.406763 777.952 Stem 11320 50000 0.230588 2478.71 PrefixMorph 493 617 0.879594 11.8309 SuffixMorph 1428 10201 0.297688 151.676 SubMorph 2957 22708 0.000401304 885.493
270	1	13484	1.27174e+06	31202	291	49709	1	0.1 Prefix 5524 50000 0.421439 262.979 Suffix 9495 50000 0.45158 666.34 Stem 11333 50000 0.234888 2375.6 PrefixMorph 491 641 0.770675 64.3794 SuffixMorph 1432 10821 0.349191 108.943 SubMorph 2927 22617 0.00517884 866.032
280	1	13862.3	1.27113e+06	31060	300	49700	1	0.1 Prefix 5619 50000 0.402101 344.385 Suffix 9226 50000 0.442681 701.045 Stem 11338 50000 0.229096 2441.61 PrefixMorph 480 608 0.811199 39.9874 SuffixMorph 1441 10516 0.317201 170.994 SubMorph 2956 22749 0.021353 825.158
290	1	14237.6	1.27141e+06	31091	304	49696	0	0.1 Prefix 5421 50000 0.401914 285.13 Suffix 9425 50000 0.464909 575.336 Stem 11266 50000 0.236497 2369.48 PrefixMorph 442 559 0.810223 61.6284 SuffixMorph 1482 10757 0.304342 153.2 SubMorph 3055 22687 0.0176308 905.522
300	1	14620.8	1.27153e+06	30998	311	49689	0	0.1 Prefix 5632 50000 0.403278 347.134 Suffix 9266 50000 0.450644 645.01 Stem 11378 50000 0.247392 2383.21 PrefixMorph 419 564 0.792359 24.5299 SuffixMorph 1437 10644 0.304171 160.714 SubMorph 2866 22805 0.0124954 810.753
310	1	14999.5	1.27352e+06	30557	293	49707	0	0.1 Prefix 5303 50000 0.391698 316.136 Suffix 9135 50000 0.407796 844.707 Stem 11340 50000 0.234357 2323.39 PrefixMorph 436 529 0.825052 55.669 SuffixMorph 1451 10348 0.339197 131.478 SubMorph 2892 22844 0.00224841 838.819
320	1	15380.5	1.27204e+06	30726	300	49700	0	0.1 Prefix 5409 50000 0.400007 344.738 Suffix 9268 50000 0.453001 649.728 Stem 11255 50000 0.242798 2355.05 PrefixMorph 417 522 0.819871 45.2055 SuffixMorph 1458 10525 0.285989 158.489 SubMorph 2919 22708 0.018783 851.929
330	1	15769.2	1.26838e+06	31144	293	49707	2	0.1 Prefix 5887 50000 0.45226 266.064 Suffix 9064 50000 0.444888 698.906 Stem 11406 50000 0.234049 2444.23 PrefixMorph 413 542 0.771289 36.0819 SuffixMorph 1399 10317 0.275125 177.24 SubMorph 2975 22659 0.000283664 862.517
340	1	16179.1	1.26171e+06	31159	302	49698	0	0.1 Prefix 6019 50000 0.475178 271.617 Suffix 8994 50000 0.454058 565.167 Stem 11230 50000 0.215783 2468.22 PrefixMorph 432 574 0.815895 25.2297 SuffixMorph 1433 10277 0.294663 197.131 SubMorph 3051 22463 0.00200493 923.702
350	1	16579.2	1.26258e+06	30935	298	49702	1	0.1 Prefix 5864 50000 0.458512 232.523 Suffix 9022 50000 0.437278 666.084 Stem 11270 50000 0.240913 2250.53 PrefixMorph 401 522 0.776497 97.9639 SuffixMorph 1407 10409 0.274251 182.824 SubMorph 2971 22425 0.00191945 889.087
360	1	16978	1.2619e+06	31307	286	49714	0	0.1 Prefix 6166 50000 0.474096 220.329 Suffix 9064 50000 0.458495 557.676 Stem 11285 50000 0.22138 2448.6 PrefixMorph 404 499 0.899359 0.116546 SuffixMorph 1358 10421 0.2362 215.747 SubMorph 3030 22374 0.0182645 871.449
370	1	17375.1	1.26442e+06	31029	301	49699	0	0.1 Prefix 5736 50000 0.442142 270.781 Suffix 9230 50000 0.461165 599.698 Stem 11302 50000 0.234649 2413.69 PrefixMorph 391 482 0.791677 102.6 SuffixMorph 1358 10522 0.249687 187.359 SubMorph 3012 22583 0.00634435 864.025
380	1	17768.2	1.26681e+06	31118	286	49714	2	0.1 Prefix 5930 50000 0.45023 252.623 Suffix 9063 50000 0.422348 770.943 Stem 11432 50000 0.223862 2466.32 PrefixMorph 377 472 0.860877 7.08209e-05 SuffixMorph 1324 10343 0.199889 218.763 SubMorph 2992 22700 0.0181084 819.192
390	1	18169.3	1.26609e+06	31062	248	49752	1	0.1 Prefix 5759 50000 0.451658 209.466 Suffix 9242 50000 0.441925 656.349 Stem 11288 50000 0.219127 2569.38 PrefixMorph 393 517 0.783876 45.2618 SuffixMorph 1514 10568 0.308864 171.631 SubMorph 2866 22759 0.000968389 816.453
400	1	18556	1.26413e+06	31122	295	49705	0	0.1 Prefix 5678 50000 0.452943 240.883 Suffix 9372 50000 0.457696 606.112 Stem 11332 50000 0.213732 2483.32 PrefixMorph 376 477 0.787081 44.4603 SuffixMorph 1388 10707 0.309506 156.058 SubMorph 2976 22639 0.0084192 845.277
410	1	18946.1	1.26418e+06	31570	281	49719	0	0.1 Prefix 6034 50000 0.470713 206.47 Suffix 9428 50000 0.449541 700.933 Stem 11314 50000 0.221279 2529.05 PrefixMorph 386 495 0.756888 91.2502 SuffixMorph 1462 10613 0.343015 135.708 SubMorph 2946 22589 0.00256612 879.558
420	1	19344.8	1.26268e+06	31394	241	49759	0	0.1 Prefix 5756 50000 0.471074 222.51 Suffix 9476 50000 0.459994 598.244 Stem 11361 50000 0.220046 2536.49 PrefixMorph 369 491 0.817163 58.9559 SuffixMorph 1454 10668 0.342564 129.429 SubMorph 2978 22768 0.00406093 861.119
430	1	19740.8	1.26193e+06	31417	268	49732	0	0.1 Prefix 5964 50000 0.472187 207.438 Suffix 9315 50000 0.466639 537.404 Stem 11311 50000 0.226965 2400.33 PrefixMorph 368 525 0.68289 56.1604 SuffixMorph 1479 10553 0.362929 122.686 SubMorph 2980 22508 0.00381866 881.83
440	1	20143.4	1.25797e+06	31289	313	49687	0	0.1 Prefix 5909 50000 0.485001 195.06 Suffix 9228 50000 0.457198 645.792 Stem 11444 50000 0.232734 2488.64 PrefixMorph 363 468 0.837411 19.4579 SuffixMorph 1376 10379 0.273896 178.794 SubMorph 2969 22751 0.00137961 849.08
450	1	20566.1	1.25205e+06	31803	310	49690	0	0.1 Prefix 6622 50000 0.535225 152.736 Suffix 9114 50000 0.446425 678.214 Stem 11322 50000 0.232555 2273.71 PrefixMorph 362 475 0.841122 26.8392 SuffixMorph 1372 10283 0.278453 184.807 SubMorph 3011 22576 0.00272912 917.998
460	1	20988.3	1.25234e+06	31908	329	49671	0	0.1 Prefix 6453 50000 0.537241 156.349 Suffix 9258 50000 0.457898 616.289 Stem 11436 50000 0.245416 2389.27 PrefixMorph 336 471 0.786667 21.4339 SuffixMorph 1402 10464 0.315273 151.913 SubMorph 3023 22694 0.00206871 895.67
470	1	21410.2	1.25494e+06	31764	322	49678	1	0.1 Prefix 6440 50000 0.518947 173.643 Suffix 9249 50000 0.455015 588.756 Stem 11343 50000 0.225738 2502.11 PrefixMorph 357 452 0.846507 17.6944 SuffixMorph 1420 10478 0.320564 129.976 SubMorph 2955 22683 0.0121107 855.066
480	1	21846.2	1.24858e+06	31792	309	49691	0	0.1 Prefix 6515 50000 0.53821 149.063 Suffix 9348 50000 0.47253 542.041 Stem 11219 50000 0.200581 2596.59 PrefixMorph 359 492 0.781362 28.1179 SuffixMorph 1372 10667 0.221762 210.531 SubMorph 2979 22348 0.000828272 879.171
490	1	22283.1	1.24699e+06	32097	315	49685	0	0.1 Prefix 6815 50000 0.575318 125.722 Suffix 9275 50000 0.469579 605.659 Stem 11220 50000 0.217553 2410.72 PrefixMorph 342 472 0.764793 21.9894 SuffixMorph 1444 10590 0.311607 145.546 SubMorph 3001 22404 0.0154248 888.556
500	1	22746	1.24898e+06	32453	387	49613	0	0.1 Prefix 7103 50000 0.54427 165.92 Suffix 9294 50000 0.464269 571.649 Stem 11163 50000 0.203912 2607.34 PrefixMorph 354 481 0.721332 43.3878 SuffixMorph 1489 10527 0.279189 198.484 SubMorph 3050 22356 0.0158643 825.959
