# D = 1, E = 1, I = 1, P = 0, R = -1, n = 500, N = 1, P = 0, w = 1, a = 0.1, b = 1000, e = 1, f = 1, g = 10, h = 0.1, r = 1599184337, s = 1, S = 0, x = 10, m = 0, Z = 1, z = 0, T = 1, t = 1
# 529804 tokens in 50507 sentences
#
# It	Temp	Time	-logP	tables	same	changed	reject	default_pya	(parent pym pyn pya pyb)*
0	1	12.532	2.16384e+06	260048	0	50507	0	0.1 SuffixMorph 108527 108527 0.1 1000 Prefix 50507 50507 0.1 1000 Suffix 50507 50507 0.1 1000 Stem 50507 50507 0.1 1000
10	1	2708.43	1.40536e+06	38214	1703	48804	0	0.1 SuffixMorph 2944 26311 0.00869366 789.01 Prefix 8785 50507 0.151049 1955.76 Suffix 18096 50507 0.618259 906.119 Stem 8389 50507 0.00671252 2671.28
20	1	4001.56	1.37461e+06	35646	1978	48529	0	0.1 SuffixMorph 2354 25870 0.000204231 612.963 Prefix 7377 50507 0.206612 1200.06 Suffix 17972 50507 0.658629 715.845 Stem 7943 50507 0.000102747 2537.4
30	1	5110.3	1.35405e+06	33677	2238	48269	0	0.1 SuffixMorph 2036 24731 0.00392736 505.977 Prefix 6534 50507 0.210669 1041.38 Suffix 17266 50507 0.662546 604.72 Stem 7841 50507 0.00214419 2468.95
40	1	6069.46	1.34468e+06	31622	2266	48241	0	0.1 SuffixMorph 1859 23613 0.0131904 451.589 Prefix 5622 50507 0.19403 860.071 Suffix 16315 50507 0.64984 600.293 Stem 7826 50507 0.00100926 2499.2
50	1	6917.16	1.33244e+06	30485	2501	48006	0	0.1 SuffixMorph 1696 23243 0.00291156 393.708 Prefix 5041 50507 0.184886 788.039 Suffix 16020 50507 0.654146 535.966 Stem 7728 50507 0.00117143 2422.22
60	1	7707.43	1.32469e+06	29847	2544	47963	0	0.1 SuffixMorph 1583 22772 0.0100636 373.289 Prefix 4809 50507 0.195577 682.478 Suffix 15699 50507 0.654353 451.248 Stem 7756 50507 0.000650859 2483.45
70	1	8460.66	1.31816e+06	29113	2679	47828	0	0.1 SuffixMorph 1591 21984 0.0365191 336.579 Prefix 4720 50507 0.209387 658.565 Suffix 15061 50507 0.654958 427.777 Stem 7741 50507 0.000156323 2465.93
80	1	9195.86	1.30863e+06	28324	2914	47593	0	0.1 SuffixMorph 1447 21472 0.00209591 330.429 Prefix 4505 50507 0.218303 579.875 Suffix 14601 50507 0.653306 370.837 Stem 7771 50507 0.00122726 2397.4
90	1	9903.3	1.30205e+06	27819	3054	47453	0	0.1 SuffixMorph 1440 20823 0.038468 311.933 Prefix 4246 50507 0.22334 505.106 Suffix 14260 50507 0.648765 349.636 Stem 7873 50507 0.000672724 2454.2
100	1	10596.1	1.30076e+06	28014	3091	47416	0	0.1 SuffixMorph 1408 21010 0.00511967 318.611 Prefix 4224 50507 0.197908 546.913 Suffix 14473 50507 0.66363 326.635 Stem 7909 50507 0.000881139 2472.3
110	1	11279.1	1.29721e+06	27589	3197	47310	0	0.1 SuffixMorph 1415 20336 0.0114567 308.081 Prefix 4334 50507 0.238941 507.157 Suffix 13919 50507 0.653914 335.594 Stem 7921 50507 0.00100001 2510.49
120	1	11959.8	1.29526e+06	27488	3210	47297	2	0.1 SuffixMorph 1389 20418 0.0536929 277.532 Prefix 4162 50507 0.214252 546.631 Suffix 14035 50507 0.659212 301.108 Stem 7902 50507 0.00172525 2503.9
130	1	12618.4	1.29036e+06	26756	3287	47220	0	0.1 SuffixMorph 1286 19820 0.0251067 274.094 Prefix 4205 50507 0.212064 523.852 Suffix 13405 50507 0.645929 316.487 Stem 7860 50507 0.00116641 2512.01
140	1	13259.9	1.28664e+06	26441	3442	47065	0	0.1 SuffixMorph 1219 19293 0.0228598 281.893 Prefix 4190 50507 0.235739 463.804 Suffix 13102 50507 0.648936 295.904 Stem 7930 50507 0.00115928 2482.94
150	1	13921.4	1.28516e+06	26562	3428	47079	1	0.1 SuffixMorph 1250 19548 0.0187375 280.187 Prefix 4096 50507 0.256341 433.676 Suffix 13364 50507 0.646797 273.487 Stem 7852 50507 0.000546047 2460.04
160	1	14566.3	1.28555e+06	26412	3386	47121	0	0.1 SuffixMorph 1227 19270 0.015175 269.202 Prefix 3985 50507 0.234956 426.644 Suffix 13256 50507 0.648375 283.459 Stem 7944 50507 0.000145974 2548.77
170	1	15186.1	1.28224e+06	26090	3318	47189	1	0.1 SuffixMorph 1222 18895 0.034143 251.341 Prefix 3842 50507 0.206244 457.846 Suffix 13022 50507 0.649982 316.68 Stem 8004 50507 0.00187205 2530.72
180	1	15802.1	1.28187e+06	25671	3490	47017	0	0.1 SuffixMorph 1263 18529 0.0253719 281.597 Prefix 3901 50507 0.224674 420.793 Suffix 12513 50507 0.641544 289.811 Stem 7994 50507 0.00011152 2568.28
190	1	16417.7	1.27769e+06	25574	3570	46937	0	0.1 SuffixMorph 1187 18540 0.0055778 283.752 Prefix 3798 50507 0.257287 354.764 Suffix 12571 50507 0.642788 297.279 Stem 8018 50507 0.000584731 2542.87
200	1	17039.4	1.27646e+06	25793	3661	46846	0	0.1 SuffixMorph 1125 18521 0.027142 239.095 Prefix 3872 50507 0.261918 380.433 Suffix 12768 50507 0.645371 269.518 Stem 8028 50507 0.00293525 2539.74
210	1	17647	1.27798e+06	25467	3606	46901	0	0.1 SuffixMorph 1138 18181 0.0304861 244.72 Prefix 3787 50507 0.248835 375.817 Suffix 12473 50507 0.643512 256.169 Stem 8069 50507 0.00119873 2535.01
220	1	18256.9	1.27409e+06	25651	3500	47007	0	0.1 SuffixMorph 1134 18321 0.0180911 241.212 Prefix 3715 50507 0.255985 378.086 Suffix 12674 50507 0.643149 254.428 Stem 8128 50507 0.00412652 2554.75
230	1	18851.5	1.27161e+06	25314	3530	46977	0	0.1 SuffixMorph 1103 18466 0.0326458 226.786 Prefix 3490 50507 0.257313 344.292 Suffix 12751 50507 0.639039 291.806 Stem 7970 50507 0.00271015 2531.7
240	1	19455	1.26726e+06	25353	3664	46843	1	0.1 SuffixMorph 1168 18196 0.0318132 247.459 Prefix 3612 50507 0.275331 305.794 Suffix 12561 50507 0.646277 226.229 Stem 8012 50507 0.00263146 2556.2
250	1	20046.4	1.26275e+06	24869	3746	46761	0	0.1 SuffixMorph 1091 17890 0.0420308 217.845 Prefix 3634 50507 0.280446 329.543 Suffix 12161 50507 0.642205 234.475 Stem 7983 50507 0.000776671 2584.13
260	1	20624.6	1.26266e+06	24869	3875	46632	0	0.1 SuffixMorph 1119 17935 0.0124792 246.633 Prefix 3515 50507 0.280019 295.486 Suffix 12221 50507 0.650262 216.943 Stem 8014 50507 0.000579508 2489.58
270	1	21189.8	1.26119e+06	24942	3922	46585	0	0.1 SuffixMorph 1113 18099 0.0164239 253.741 Prefix 3272 50507 0.259211 273.784 Suffix 12447 50507 0.659516 216.368 Stem 8110 50507 0.00132337 2550.08
280	1	21727.6	1.25708e+06	24164	3905	46602	0	0.1 SuffixMorph 1115 17357 0.0151841 244.055 Prefix 3185 50507 0.233073 312.727 Suffix 11756 50507 0.630763 256.778 Stem 8108 50507 0.000870409 2608.18
290	1	22260.4	1.25057e+06	24480	4035	46472	0	0.1 SuffixMorph 1080 17752 0.0114571 233.067 Prefix 3053 50507 0.266449 250.895 Suffix 12261 50507 0.663155 155.648 Stem 8086 50507 0.00248291 2558.97
300	1	22793.1	1.25155e+06	24189	4046	46461	0	0.1 SuffixMorph 1069 17643 0.0356132 222.989 Prefix 2971 50507 0.238341 282.883 Suffix 12092 50507 0.656126 212.489 Stem 8057 50507 0.000179915 2606.15
310	1	23319.2	1.24965e+06	23993	4114	46393	0	0.1 SuffixMorph 1068 17223 0.0324801 227.796 Prefix 3153 50507 0.269657 254.832 Suffix 11748 50507 0.651472 182.061 Stem 8024 50507 0.000247828 2540.75
320	1	23858	1.25022e+06	24013	3876	46631	1	0.1 SuffixMorph 1051 17050 0.0376406 222.674 Prefix 3291 50507 0.262895 306.396 Suffix 11595 50507 0.646569 185.125 Stem 8076 50507 0.000707459 2552.54
330	1	24396.2	1.24879e+06	23845	3939	46568	0	0.1 SuffixMorph 1050 17015 0.00915887 234.626 Prefix 3080 50507 0.247116 294.506 Suffix 11602 50507 0.640375 197.06 Stem 8113 50507 0.0043528 2542.51
340	1	24926.1	1.2469e+06	24145	4089	46418	0	0.1 SuffixMorph 1029 17285 0.0248748 203.918 Prefix 3208 50507 0.267156 261.669 Suffix 11826 50507 0.646423 229.506 Stem 8082 50507 0.00166479 2572.93
350	1	25457.7	1.24597e+06	24145	3978	46529	0	0.1 SuffixMorph 1044 17155 0.00124047 237.463 Prefix 3342 50507 0.316248 228.641 Suffix 11729 50507 0.652717 222.229 Stem 8030 50507 0.00450125 2469.17
360	1	25996.8	1.2459e+06	24175	4043	46464	0	0.1 SuffixMorph 1029 17121 0.0264419 203.925 Prefix 3363 50507 0.320478 209.796 Suffix 11776 50507 0.653663 183.262 Stem 8007 50507 0.0004475 2670.32
370	1	26531.2	1.24736e+06	24165	4177	46330	0	0.1 SuffixMorph 1037 17149 0.0246622 229.861 Prefix 3150 50507 0.30029 222.223 Suffix 11877 50507 0.653282 198.707 Stem 8101 50507 0.00719083 2584.68
380	1	27070.3	1.24732e+06	24144	4195	46312	0	0.1 SuffixMorph 1053 17116 0.0763588 189.934 Prefix 3215 50507 0.252628 293.837 Suffix 11726 50507 0.658365 166.215 Stem 8150 50507 0.00117167 2612.12
390	1	27594.1	1.24578e+06	23832	3977	46530	0	0.1 SuffixMorph 993 17021 0.0538214 190.175 Prefix 3230 50507 0.295969 226.781 Suffix 11543 50507 0.659808 154.049 Stem 8066 50507 0.0044785 2552.8
400	1	28116.9	1.24471e+06	24117	3957	46550	0	0.1 SuffixMorph 1005 16988 0.0168479 221.676 Prefix 3250 50507 0.312206 224.807 Suffix 11752 50507 0.64119 224.845 Stem 8110 50507 2.97904e-05 2635.41
410	1	28646.1	1.24572e+06	23687	3995	46512	0	0.1 SuffixMorph 1080 16782 0.0891746 195.145 Prefix 3085 50507 0.274746 266.427 Suffix 11422 50507 0.650029 169.95 Stem 8100 50507 0.000569617 2632.69
420	1	29168.3	1.24673e+06	23671	4068	46439	1	0.1 SuffixMorph 1006 16708 0.0633156 209.547 Prefix 3164 50507 0.266266 254.093 Suffix 11384 50507 0.635108 242.796 Stem 8117 50507 0.000949509 2659.86
430	1	29694.2	1.24597e+06	24077	4053	46454	0	0.1 SuffixMorph 1002 17026 0.0498729 200.703 Prefix 3057 50507 0.257497 263.541 Suffix 11843 50507 0.662005 153.111 Stem 8175 50507 0.000288618 2599.52
440	1	30218.7	1.24781e+06	23942	4194	46313	0	0.1 SuffixMorph 989 16879 0.0304896 199.193 Prefix 3147 50507 0.273277 249.459 Suffix 11621 50507 0.651394 208.687 Stem 8185 50507 0.00013881 2661.51
450	1	30752.8	1.24599e+06	23723	4168	46339	0	0.1 SuffixMorph 984 16468 0.0490562 189.677 Prefix 3233 50507 0.304948 242.531 Suffix 11303 50507 0.634423 228.545 Stem 8203 50507 0.000782444 2645.88
460	1	31279.7	1.244e+06	23402	4121	46386	3	0.1 SuffixMorph 1006 16288 0.0190362 218.915 Prefix 3107 50507 0.281345 261.846 Suffix 11092 50507 0.633709 197.8 Stem 8197 50507 0.000922918 2582.6
470	1	31781.1	1.24326e+06	23183	4105	46402	0	0.1 SuffixMorph 953 16243 0.0284355 193.729 Prefix 3031 50507 0.279564 240.126 Suffix 11014 50507 0.625962 213.567 Stem 8185 50507 0.00222057 2646.9
480	1	32292.6	1.24429e+06	23364	4053	46454	0	0.1 SuffixMorph 972 16176 0.0522162 186.038 Prefix 3160 50507 0.267202 243.188 Suffix 11071 50507 0.626652 234.051 Stem 8161 50507 4.75033e-05 2629.53
490	1	32825.2	1.24712e+06	23648	4148	46359	0	0.1 SuffixMorph 972 16412 0.0216678 207.239 Prefix 3145 50507 0.2803 256.808 Suffix 11353 50507 0.637393 204.244 Stem 8178 50507 0.00400577 2621.85
500	1	33371.8	1.24498e+06	23785	4149	46358	0	0.1 SuffixMorph 973 16568 0.0297026 200.768 Prefix 3087 50507 0.241331 264.634 Suffix 11567 50507 0.651452 223.036 Stem 8158 50507 7.35636e-05 2692.69
