# D = 1, E = 1, I = 1, P = 0, R = -1, n = 500, N = 1, P = 0, w = 1, a = 0.1, b = 1000, e = 1, f = 1, g = 10, h = 0.1, r = 1599184345, s = 1, S = 0, x = 10, m = 0, Z = 1, z = 0, T = 1, t = 1
# 529804 tokens in 50507 sentences
#
# It	Temp	Time	-logP	tables	same	changed	reject	default_pya	(parent pym pyn pya pyb)*
0	1	10.544	1.98315e+06	158593	0	50507	0	0.1 SubMorph 158593 158593 0.1 1000
10	1	814.448	1.34873e+06	14963	6909	43598	1	0.1 SubMorph 14963 122008 5.91222e-05 4279.09
20	1	1153.98	1.31049e+06	12620	8295	42212	1	0.1 SubMorph 12620 121952 0.000632277 3423.96
30	1	1457.07	1.28747e+06	11662	9592	40915	1	0.1 SubMorph 11662 121706 0.00107316 3092.86
40	1	1743.15	1.2722e+06	11479	10340	40167	1	0.1 SubMorph 11479 121170 0.00151943 2927.79
50	1	2019.59	1.25924e+06	11156	11320	39187	0	0.1 SubMorph 11156 120844 0.000793561 2905.58
60	1	2292.89	1.2505e+06	11206	12392	38115	1	0.1 SubMorph 11206 120374 0.0012046 2918.71
70	1	2568.64	1.24286e+06	11085	13177	37330	2	0.1 SubMorph 11085 120299 6.75205e-05 2903.97
80	1	2843.72	1.23658e+06	11075	13839	36668	0	0.1 SubMorph 11075 119905 0.000884826 2816.16
90	1	3114.93	1.23282e+06	11107	14138	36369	0	0.1 SubMorph 11107 119399 2.59247e-05 2919.37
100	1	3387.38	1.23198e+06	11128	14219	36288	1	0.1 SubMorph 11128 119573 0.0052041 2852.14
110	1	3658.62	1.22683e+06	11148	14722	35785	1	0.1 SubMorph 11148 119143 0.000572658 2925.01
120	1	3931.88	1.22057e+06	11181	15708	34799	0	0.1 SubMorph 11181 118965 0.00283457 2983.77
130	1	4201.17	1.21893e+06	11032	15956	34551	0	0.1 SubMorph 11032 119094 0.00200828 2836.02
140	1	4471.03	1.21446e+06	11108	16451	34056	0	0.1 SubMorph 11108 119020 0.00144207 2908.27
150	1	4741.89	1.21001e+06	11084	17342	33165	3	0.1 SubMorph 11084 118786 0.00398713 2823.02
160	1	5005.71	1.20912e+06	11076	17089	33418	3	0.1 SubMorph 11076 118676 0.0086743 2851.15
170	1	5268.12	1.20751e+06	11007	17276	33231	1	0.1 SubMorph 11007 118410 0.0122747 2785.27
180	1	5535.98	1.20719e+06	11201	17089	33418	0	0.1 SubMorph 11201 118160 0.00791163 2867.5
190	1	5804.05	1.20567e+06	11190	17344	33163	0	0.1 SubMorph 11190 118128 0.010756 2841.7
200	1	6071.7	1.20424e+06	11147	17640	32867	0	0.1 SubMorph 11147 118289 0.0100148 2911.8
210	1	6336.08	1.20359e+06	11181	17369	33138	1	0.1 SubMorph 11181 117947 0.00871424 2865.39
220	1	6605.42	1.204e+06	11133	17478	33029	1	0.1 SubMorph 11133 118067 0.000122905 2895.68
230	1	6873.48	1.20485e+06	11134	17137	33370	0	0.1 SubMorph 11134 118008 0.000270142 2855.15
240	1	7139.14	1.20472e+06	11173	17143	33364	2	0.1 SubMorph 11173 117901 0.0043575 2887.4
250	1	7404.88	1.20172e+06	11173	17582	32925	0	0.1 SubMorph 11173 117788 0.00198263 2918.18
260	1	7674.99	1.20224e+06	11291	17892	32615	2	0.1 SubMorph 11291 117467 0.0089529 2946.62
270	1	7945.5	1.20079e+06	11433	17813	32694	0	0.1 SubMorph 11433 117433 0.00179483 2988.75
280	1	8214.57	1.20091e+06	11280	17973	32534	1	0.1 SubMorph 11280 117523 0.0110045 2882.98
290	1	8481.93	1.19827e+06	11272	18367	32140	2	0.1 SubMorph 11272 117494 0.0174826 2800.84
300	1	8753.6	1.19433e+06	11410	18762	31745	0	0.1 SubMorph 11410 117137 0.00567101 2931.85
310	1	9024.94	1.19422e+06	11289	18986	31521	0	0.1 SubMorph 11289 116939 0.00184643 3032.55
320	1	9292.98	1.19127e+06	11200	19148	31359	1	0.1 SubMorph 11200 116893 0.0143631 2838.59
330	1	9557.58	1.1902e+06	11136	19544	30963	0	0.1 SubMorph 11136 116916 0.0108932 2837.88
340	1	9823.33	1.18965e+06	11207	19646	30861	1	0.1 SubMorph 11207 117030 0.0192197 2778.13
350	1	10087.8	1.18548e+06	11284	19918	30589	0	0.1 SubMorph 11284 116857 0.02695 2745.66
360	1	10352.6	1.1863e+06	11222	19862	30645	1	0.1 SubMorph 11222 116887 0.00339423 2873.73
370	1	10617.3	1.18339e+06	11223	19992	30515	4	0.1 SubMorph 11223 116266 0.00928087 2885.5
380	1	10879.7	1.18081e+06	11246	20515	29992	2	0.1 SubMorph 11246 116061 0.00575188 2933.76
390	1	11143.4	1.17961e+06	11295	20984	29523	1	0.1 SubMorph 11295 115920 0.00232441 2999.82
400	1	11406.9	1.18006e+06	11223	20909	29598	0	0.1 SubMorph 11223 116200 0.00586468 2866.27
410	1	11672	1.18002e+06	11208	20686	29821	0	0.1 SubMorph 11208 116093 0.000880591 2970.02
420	1	11937.5	1.17621e+06	11243	20875	29632	0	0.1 SubMorph 11243 115500 0.00750945 2910.49
430	1	12201.1	1.17762e+06	11285	20735	29772	0	0.1 SubMorph 11285 115736 0.0104566 2921.41
440	1	12469.4	1.17498e+06	11336	21054	29453	0	0.1 SubMorph 11336 115284 0.0111883 2920.08
450	1	12736	1.17485e+06	11386	20857	29650	0	0.1 SubMorph 11386 115355 0.00931866 2946.64
460	1	13003.6	1.17217e+06	11342	21293	29214	2	0.1 SubMorph 11342 115136 0.00561081 2991.52
470	1	13267.3	1.17193e+06	11349	20932	29575	1	0.1 SubMorph 11349 115212 0.0196385 2843.67
480	1	13535.3	1.1734e+06	11358	20962	29545	0	0.1 SubMorph 11358 115249 0.0029263 2940.24
490	1	13801.5	1.17352e+06	11404	21000	29507	0	0.1 SubMorph 11404 115266 0.00828995 2926.28
500	1	14067	1.17278e+06	11281	20941	29566	2	0.1 SubMorph 11281 115378 0.00905377 2966
