# D = 1, E = 1, I = 1, P = 0, R = -1, n = 500, N = 1, P = 0, w = 1, a = 0.1, b = 1000, e = 1, f = 1, g = 10, h = 0.1, r = 1599298214, s = 1, S = 0, x = 10, m = 0, Z = 1, z = 0, T = 1, t = 1
# 529804 tokens in 50507 sentences
#
# It	Temp	Time	-logP	tables	same	changed	reject	default_pya	(parent pym pyn pya pyb)*
0	1	23.716	2.16543e+06	264355	0	50507	0	0.1 Stem 50507 50507 0.1 1000 StemPrefixes 50507 50507 0.1 1000 SubMorph 163341 163341 0.1 1000
10	1	1251.42	1.07345e+06	31234	17647	32860	0	0.1 Stem 4947 18095 0.00720002 2048.72 StemPrefixes 18095 50507 0.0969207 7626.57 SubMorph 8192 62190 0.2033 1383.62
20	1	1914.16	1.04055e+06	28859	19542	30965	0	0.1 Stem 4369 17843 0.0104963 1678.24 StemPrefixes 17843 50507 0.127805 6991.01 SubMorph 6647 62143 0.266649 756.746
30	1	2528.11	1.02406e+06	28204	20739	29768	3	0.1 Stem 4122 17728 0.028258 1461.4 StemPrefixes 17728 50507 0.137233 6917.92 SubMorph 6354 62176 0.318374 563.738
40	1	3126.02	1.01152e+06	28163	21742	28765	0	0.1 Stem 4005 17841 0.011274 1483.89 StemPrefixes 17841 50507 0.124994 7041.32 SubMorph 6317 62001 0.374229 412.316
50	1	3719.94	1.00679e+06	28018	22606	27901	1	0.1 Stem 3991 17841 0.00695917 1524.73 StemPrefixes 17841 50507 0.151911 6750.93 SubMorph 6186 61970 0.357802 425.793
60	1	4310.14	998684	27704	23761	26746	0	0.1 Stem 3894 17813 0.00362227 1451.99 StemPrefixes 17813 50507 0.119535 7216.11 SubMorph 5997 61732 0.36818 390.827
70	1	4891.57	993109	27544	24532	25975	1	0.1 Stem 3823 17701 8.46908e-05 1414.02 StemPrefixes 17701 50507 0.142475 6588.58 SubMorph 6020 61401 0.374615 403.273
80	1	5471.64	987610	27594	24995	25512	0	0.1 Stem 3851 17628 0.0159772 1355.48 StemPrefixes 17628 50507 0.127538 6981.57 SubMorph 6115 61248 0.413535 277.86
90	1	6048.66	985451	27716	25033	25474	1	0.1 Stem 3848 17771 0.0131654 1404.87 StemPrefixes 17771 50507 0.153258 6493.41 SubMorph 6097 61346 0.418329 290.437
100	1	6626.09	982574	27489	25710	24797	0	0.1 Stem 3841 17738 0.00209764 1420.25 StemPrefixes 17738 50507 0.150765 6573.84 SubMorph 5910 61268 0.394342 295.893
110	1	7206.34	978701	27590	26201	24306	1	0.1 Stem 3795 17824 0.00296648 1363.94 StemPrefixes 17824 50507 0.159276 6622.36 SubMorph 5971 61156 0.415234 272.931
120	1	7782.9	977317	27700	26619	23888	0	0.1 Stem 3889 17804 0.04565 1271.54 StemPrefixes 17804 50507 0.1493 6607.83 SubMorph 6007 61193 0.42895 259.687
130	1	8366.37	976389	27940	26744	23763	0	0.1 Stem 3846 17825 0.000453112 1464.07 StemPrefixes 17825 50507 0.15817 6563.07 SubMorph 6269 61217 0.455663 215.701
140	1	8956.92	975967	27759	27201	23306	0	0.1 Stem 3829 17747 0.0123962 1372.9 StemPrefixes 17747 50507 0.156367 6493.28 SubMorph 6183 61160 0.431086 279.773
150	1	9537.9	972083	27464	27631	22876	0	0.1 Stem 3792 17690 0.000769436 1433.83 StemPrefixes 17690 50507 0.147628 6740.42 SubMorph 5982 61171 0.432255 248.615
160	1	10107.8	970730	27626	27901	22606	2	0.1 Stem 3730 17778 0.00135094 1318.67 StemPrefixes 17778 50507 0.141694 6731.37 SubMorph 6118 61098 0.433036 269.355
170	1	10688.6	968364	27507	28638	21869	0	0.1 Stem 3717 17699 0.00365955 1331.93 StemPrefixes 17699 50507 0.134097 6872.94 SubMorph 6091 60849 0.449384 229.707
180	1	11260.5	966099	27671	29128	21379	0	0.1 Stem 3724 17795 0.00255115 1319.03 StemPrefixes 17795 50507 0.145411 6770.75 SubMorph 6152 60731 0.44715 202.915
190	1	11835.6	965600	27420	29674	20833	0	0.1 Stem 3701 17764 0.00221916 1306.45 StemPrefixes 17764 50507 0.141001 6792.29 SubMorph 5955 61026 0.449379 224.921
200	1	12409.4	965843	27489	29578	20929	2	0.1 Stem 3686 17774 0.00149196 1312.55 StemPrefixes 17774 50507 0.145121 6565.36 SubMorph 6029 60839 0.446686 230.447
210	1	12982.3	966834	27597	29706	20801	0	0.1 Stem 3761 17785 0.00718883 1370.99 StemPrefixes 17785 50507 0.158453 6434.16 SubMorph 6051 60930 0.429975 262.49
220	1	13562.8	964136	27556	29884	20623	1	0.1 Stem 3733 17740 0.00192661 1359.44 StemPrefixes 17740 50507 0.138951 6786.95 SubMorph 6083 60665 0.442338 244.948
230	1	14140.8	967377	27571	29670	20837	0	0.1 Stem 3737 17719 0.000939929 1365.47 StemPrefixes 17719 50507 0.119278 6849.12 SubMorph 6115 61111 0.436067 267.76
240	1	14714.4	965002	27444	30010	20497	0	0.1 Stem 3711 17673 0.00387026 1346.77 StemPrefixes 17673 50507 0.14142 6626.68 SubMorph 6060 60832 0.432195 249.926
250	1	15284.1	965354	27402	29926	20581	0	0.1 Stem 3755 17746 0.00893559 1398.66 StemPrefixes 17746 50507 0.134689 6831.59 SubMorph 5901 60901 0.415186 315.899
260	1	15861.7	964563	27705	30047	20460	0	0.1 Stem 3772 17716 0.0116249 1327.38 StemPrefixes 17716 50507 0.159216 6288.47 SubMorph 6217 60655 0.448297 255.251
270	1	16454.2	963482	27422	30060	20447	0	0.1 Stem 3689 17733 0.0117858 1301.34 StemPrefixes 17733 50507 0.156566 6603.08 SubMorph 6000 60663 0.456518 220.947
280	1	17036.4	965358	27579	30145	20362	0	0.1 Stem 3705 17742 0.00565867 1314.03 StemPrefixes 17742 50507 0.128348 6976.1 SubMorph 6132 60737 0.440985 262.284
290	1	17691.6	961973	27533	30264	20243	2	0.1 Stem 3670 17748 0.00174333 1280.1 StemPrefixes 17748 50507 0.146406 6743.66 SubMorph 6115 60528 0.469501 181.323
300	1	18267.9	963089	27483	30087	20420	0	0.1 Stem 3670 17695 0.0143149 1285.1 StemPrefixes 17695 50507 0.127335 6947.17 SubMorph 6118 60639 0.443342 237.822
310	1	18841.3	962846	27547	30743	19764	1	0.1 Stem 3731 17709 0.00967559 1328.01 StemPrefixes 17709 50507 0.150343 6394.26 SubMorph 6107 60651 0.443905 209.638
320	1	19419.7	962327	27631	30756	19751	1	0.1 Stem 3687 17769 0.00612971 1298.75 StemPrefixes 17769 50507 0.144192 6773.3 SubMorph 6175 60567 0.463055 241.878
330	1	20005.1	961596	27706	31039	19468	1	0.1 Stem 3780 17717 0.0263616 1263.18 StemPrefixes 17717 50507 0.165955 6304.35 SubMorph 6209 60552 0.455949 248.024
340	1	20593.8	960419	27630	31142	19365	0	0.1 Stem 3700 17711 0.00185559 1317.19 StemPrefixes 17711 50507 0.125369 6954.29 SubMorph 6219 60423 0.462572 226.78
350	1	21166.8	959228	27586	31673	18834	1	0.1 Stem 3698 17716 0.0184303 1318.2 StemPrefixes 17716 50507 0.159943 6313.57 SubMorph 6172 60614 0.448048 251.189
360	1	21743.4	957067	27281	31386	19121	0	0.1 Stem 3601 17690 0.00742693 1242.91 StemPrefixes 17690 50507 0.145612 6652.07 SubMorph 5990 60554 0.448032 236.896
370	1	22317.2	959071	27335	31039	19468	0	0.1 Stem 3657 17680 0.0103656 1291.31 StemPrefixes 17680 50507 0.131805 6649.67 SubMorph 5998 60530 0.446169 207.965
380	1	22886.5	958916	27453	30770	19737	1	0.1 Stem 3606 17756 0.00354757 1310.79 StemPrefixes 17756 50507 0.136893 6862.46 SubMorph 6091 60501 0.462429 230.924
390	1	23455.1	959604	27541	30974	19533	1	0.1 Stem 3705 17825 0.00347802 1347.53 StemPrefixes 17825 50507 0.13487 6825.57 SubMorph 6011 60741 0.443191 237.051
400	1	24019.4	959272	27332	31042	19465	2	0.1 Stem 3623 17713 0.00137049 1290.97 StemPrefixes 17713 50507 0.151812 6592.13 SubMorph 5996 60541 0.457732 220.506
410	1	24594.6	959321	27808	30951	19556	1	0.1 Stem 3746 17857 0.00500324 1395.72 StemPrefixes 17857 50507 0.142496 6663.1 SubMorph 6205 60495 0.454365 228.838
420	1	25162.9	959460	27561	30953	19554	0	0.1 Stem 3657 17802 0.0232866 1247.18 StemPrefixes 17802 50507 0.171238 6271.05 SubMorph 6102 60497 0.445289 271.138
430	1	25728	959323	27662	30925	19582	1	0.1 Stem 3682 17775 0.00847119 1298.93 StemPrefixes 17775 50507 0.151476 6531.32 SubMorph 6205 60528 0.449255 232.313
440	1	26299.8	957417	27566	31267	19240	0	0.1 Stem 3697 17729 0.000759072 1331.84 StemPrefixes 17729 50507 0.136675 6763.97 SubMorph 6140 60402 0.452409 259.664
450	1	26871.2	959941	27574	30756	19751	1	0.1 Stem 3667 17811 0.0058436 1305.07 StemPrefixes 17811 50507 0.16775 6419.43 SubMorph 6096 60485 0.443203 243.856
460	1	27445.7	960988	27699	30343	20164	0	0.1 Stem 3708 17721 0.000428414 1336.97 StemPrefixes 17721 50507 0.152079 6538.77 SubMorph 6270 60410 0.448785 262.546
470	1	28012.4	961394	27537	30276	20231	1	0.1 Stem 3612 17733 0.00616507 1285.31 StemPrefixes 17733 50507 0.151554 6740.34 SubMorph 6192 60596 0.451146 241.509
480	1	28610.9	958862	27619	30706	19801	2	0.1 Stem 3688 17693 0.0120688 1310.75 StemPrefixes 17693 50507 0.166961 6452.47 SubMorph 6238 60351 0.473831 181.66
490	1	29182.2	959464	27614	30632	19875	0	0.1 Stem 3694 17761 0.00751663 1339.19 StemPrefixes 17761 50507 0.142218 6651.68 SubMorph 6159 60431 0.463391 248.449
500	1	29761.2	958469	27574	30934	19573	1	0.1 Stem 3723 17685 0.00617544 1364.26 StemPrefixes 17685 50507 0.149224 6704.8 SubMorph 6166 60349 0.453054 210.056
