# D = 1, E = 1, I = 1, P = 0, R = -1, n = 400, N = 1, P = 0, w = 1, a = 0.1, b = 1000, e = 1, f = 1, g = 10, h = 0.1, r = 1599184349, s = 1, S = 0, x = 10, m = 0, Z = 1, z = 0, T = 1, t = 1
# 529804 tokens in 50507 sentences
#
# It	Temp	Time	-logP	tables	same	changed	reject	default_pya	(parent pym pyn pya pyb)*
0	1	29.256	2.45801e+06	389011	0	50507	0	0.1 Compound 72459 72459 0.1 1000 StemPrefixes 72459 72459 0.1 1000 Stem 72459 72459 0.1 1000 SubMorph 171634 171634 0.1 1000
10	1	2123.36	1.14625e+06	63793	15197	35310	1	0.1 Compound 41559 77296 0.786092 1200.36 StemPrefixes 13562 41559 0.0143882 6186.5 Stem 4008 13562 0.26194 949.434 SubMorph 4664 38143 0.249577 616.672
20	1	3670.08	1.0623e+06	67086	21648	28859	2	0.1 Compound 46078 65546 0.90991 185.687 StemPrefixes 13758 46078 0.00096837 6171.31 Stem 2731 13758 0.0261431 951.469 SubMorph 4519 46996 0.392739 253.014
30	1	5440.92	1.03461e+06	68702	24679	25828	0	0.1 Compound 47741 61235 0.94387 74.2986 StemPrefixes 13935 47741 0.00409425 6108.42 Stem 2527 13935 0.0130248 864.288 SubMorph 4499 50126 0.386263 247.426
40	1	7155.96	1.01165e+06	69923	27248	23259	1	0.1 Compound 48725 59228 0.959001 10.0179 StemPrefixes 14277 48725 0.00632517 6185.63 Stem 2405 14277 0.0024425 809.293 SubMorph 4516 53421 0.402414 191.303
50	1	11472.4	1.00204e+06	71059	27883	22624	3	0.1 Compound 49278 58079 0.96578 10.4159 StemPrefixes 14627 49278 0.00194615 6524.7 Stem 2411 14627 0.00536818 762.843 SubMorph 4743 54727 0.435839 170.876
60	1	13356.3	995982	71572	28990	21517	1	0.1 Compound 49590 57452 0.970555 2.83463e-05 StemPrefixes 14693 49590 0.00172341 6557.85 Stem 2419 14693 0.0196074 734.381 SubMorph 4870 55235 0.430586 177.951
70	1	14977.4	991050	72045	29340	21167	1	0.1 Compound 49844 57024 0.973578 0.00827382 StemPrefixes 14868 49844 0.0157695 6366.75 Stem 2425 14868 0.000798615 794.535 SubMorph 4908 55991 0.432474 197.556
80	1	17758.9	986895	72418	29979	20528	1	0.1 Compound 50121 56236 0.978277 5.27711e-06 StemPrefixes 14974 50121 0.00478752 6538.31 Stem 2421 14974 0.012435 736.166 SubMorph 4902 56674 0.43165 212.458
90	1	22836.1	986640	72784	30349	20158	0	0.1 Compound 50267 55658 0.980521 2.92452e-08 StemPrefixes 15109 50267 0.0159169 6643.9 Stem 2465 15109 0.00245168 744.941 SubMorph 4943 57356 0.42907 184.748
100	1	25450.1	983695	73015	30351	20156	1	0.1 Compound 50513 55066 0.984432 1.08189e-05 StemPrefixes 15157 50513 0.027475 6514.49 Stem 2455 15157 0.00680544 791.074 SubMorph 4890 57947 0.402423 231.528
110	1	29435.3	982496	73377	30739	19768	1	0.1 Compound 50645 54607 0.988018 0.000480553 StemPrefixes 15119 50645 0.0110817 6708.66 Stem 2516 15119 0.000278824 800.657 SubMorph 5097 58246 0.432259 197.801
120	1	32201.1	985010	73687	30354	20153	3	0.1 Compound 50791 54375 0.988662 3.9559e-09 StemPrefixes 15333 50791 0.0505744 6243.5 Stem 2458 15333 0.00105194 807.584 SubMorph 5105 58905 0.445051 183.237
130	1	37399.5	982497	73900	30693	19814	4	0.1 Compound 50755 54089 0.989171 2.44401e-05 StemPrefixes 15437 50755 0.0288052 6644.54 Stem 2520 15437 0.0155348 752.501 SubMorph 5188 59145 0.448129 208.53
140	1	45800.7	979763	73810	31011	19496	2	0.1 Compound 50800 53832 0.989821 4.71199e-15 StemPrefixes 15440 50800 0.0177485 6721.45 Stem 2488 15440 0.00999301 743.765 SubMorph 5082 59345 0.422684 200.266
150	1	50504.5	977797	74109	31080	19427	1	0.1 Compound 50893 53758 0.989922 0.355069 StemPrefixes 15532 50893 0.0537354 6370.52 Stem 2531 15532 0.00628704 791.401 SubMorph 5153 59310 0.431636 210.908
160	1	53733.1	974042	74106	31539	18968	0	0.1 Compound 50949 53481 0.992011 0.0698384 StemPrefixes 15641 50949 0.0461934 6415.94 Stem 2557 15641 0.000185942 820.626 SubMorph 4959 59598 0.415509 212.345
170	1	60588	971716	74186	31892	18615	1	0.1 Compound 50960 53440 0.991757 0.00230711 StemPrefixes 15647 50960 0.0172558 6880.38 Stem 2535 15647 0.00429718 797.127 SubMorph 5044 59487 0.423493 209.43
180	1	65280.8	969333	74511	32344	18163	0	0.1 Compound 50968 53263 0.99204 8.99324e-08 StemPrefixes 15720 50968 0.019735 6822.99 Stem 2568 15720 0.000137096 831.918 SubMorph 5255 59446 0.428982 208.03
190	1	69788.3	967373	74517	32199	18308	1	0.1 Compound 50923 53188 0.992946 2.00203e-08 StemPrefixes 15757 50923 0.0298472 6857.54 Stem 2576 15757 0.00147265 832.517 SubMorph 5261 59358 0.433621 191.265
200	1	76597.4	967089	74503	32471	18036	1	0.1 Compound 50961 53098 0.993587 2.29544e-06 StemPrefixes 15757 50961 0.0625347 6394.73 Stem 2571 15757 0.00505287 804.769 SubMorph 5214 59673 0.422311 207.798
210	1	81256.3	965875	74731	32607	17900	0	0.1 Compound 50968 53082 0.994009 2.77554 StemPrefixes 15864 50968 0.0326203 6880.91 Stem 2629 15864 0.00138337 843.538 SubMorph 5270 59481 0.435818 200.771
220	1	88610.4	964770	74778	32628	17879	3	0.1 Compound 50979 52988 0.993923 0.0148027 StemPrefixes 15869 50979 0.0290845 6882.51 Stem 2584 15869 0.00122628 849.066 SubMorph 5346 59541 0.434359 210.784
230	1	94449	966234	74984	32397	18110	0	0.1 Compound 51093 53010 0.99453 0.0222535 StemPrefixes 15832 51093 0.0504517 6594.33 Stem 2673 15832 0.00190875 882.129 SubMorph 5386 59471 0.437615 177.705
240	1	102995	964549	74971	32492	18015	0	0.1 Compound 51045 52900 0.994764 0.0232266 StemPrefixes 15904 51045 0.0653245 6568.46 Stem 2649 15904 0.00615152 857.049 SubMorph 5373 59462 0.439156 192.167
250	1	109344	965386	75098	32382	18125	0	0.1 Compound 51058 52960 0.994795 1.76514e-13 StemPrefixes 15941 51058 0.0674236 6465.31 Stem 2682 15941 0.000608554 876.079 SubMorph 5417 59391 0.433719 231.556
260	1	116931	967004	74985	32039	18468	1	0.1 Compound 51018 52919 0.994733 1.52793e-06 StemPrefixes 15877 51018 0.053519 6624.14 Stem 2704 15877 0.00228642 875.097 SubMorph 5386 59292 0.444936 179.266
270	1	129926	967546	75305	31955	18552	1	0.1 Compound 51059 52864 0.995134 3.38143e-05 StemPrefixes 15959 51059 0.056144 6549.39 Stem 2711 15959 0.0044077 889.692 SubMorph 5576 59600 0.431957 225.688
280	1	141544	964827	75184	32430	18077	0	0.1 Compound 51047 52801 0.995382 1.16642 StemPrefixes 16036 51047 0.0482653 6798.14 Stem 2703 16036 0.00470572 876.338 SubMorph 5398 59387 0.425995 213.204
290	1	148546	965381	75271	32267	18240	0	0.1 Compound 51070 52786 0.995972 1.96629e-16 StemPrefixes 16001 51070 0.0694084 6530.64 Stem 2700 16001 0.0108975 862.693 SubMorph 5500 59648 0.447548 190.601
300	1	157951	960415	75156	32587	17920	0	0.1 Compound 51062 52795 0.995843 1.45458 StemPrefixes 16085 51062 0.06818 6506.1 Stem 2655 16085 0.00444616 860.47 SubMorph 5354 59257 0.44415 169.106
310	1	166258	962943	75282	32332	18175	1	0.1 Compound 51091 52856 0.995031 2.82953e-05 StemPrefixes 16074 51091 0.0813752 6352.77 Stem 2645 16074 0.000262165 843.929 SubMorph 5472 59396 0.438 205.28
320	1	174553	960015	75312	32724	17783	2	0.1 Compound 51045 52799 0.99537 2.89609 StemPrefixes 16110 51045 0.0742816 6461.62 Stem 2662 16110 0.0100803 850.467 SubMorph 5495 59236 0.456194 171.797
330	1	180937	961735	75287	32894	17613	2	0.1 Compound 51062 52766 0.99515 0.00168744 StemPrefixes 16107 51062 0.0735232 6526.16 Stem 2666 16107 0.00265964 817.187 SubMorph 5452 59286 0.412529 271.787
340	1	189279	956691	75370	33542	16965	1	0.1 Compound 51076 52705 0.996483 0.0495005 StemPrefixes 16203 51076 0.0377395 7030.45 Stem 2691 16203 0.00436554 849.684 SubMorph 5400 59174 0.440947 211.974
350	1	194769	958307	75191	33334	17173	1	0.1 Compound 51041 52680 0.995444 0.000118967 StemPrefixes 15982 51041 0.0256607 7018 Stem 2732 15982 0.00194815 918.175 SubMorph 5436 59367 0.441616 183.989
360	1	200628	960865	75346	33140	17367	0	0.1 Compound 51037 52662 0.995989 0.00114765 StemPrefixes 16121 51037 0.0455953 6914.28 Stem 2703 16121 6.78555e-06 867.122 SubMorph 5485 59378 0.43414 248.032
370	1	207612	959675	75423	33314	17193	0	0.1 Compound 51050 52659 0.996321 0.184772 StemPrefixes 16060 51050 0.054396 6715.74 Stem 2749 16060 0.00317012 913.458 SubMorph 5564 59255 0.436553 219.845
380	1	215763	957731	75205	33726	16781	0	0.1 Compound 51061 52613 0.995868 4.26286e-08 StemPrefixes 16028 51061 0.0573472 6614.22 Stem 2685 16028 0.00532467 868.676 SubMorph 5431 59275 0.453916 227.421
390	1	219867	958709	75543	33763	16744	0	0.1 Compound 51079 52633 0.996572 6.24347e-06 StemPrefixes 16053 51079 0.0752339 6428.52 Stem 2762 16053 0.00654319 918.53 SubMorph 5649 59282 0.4418 224.454
400	1	233268	954859	75323	33969	16538	2	0.1 Compound 51018 52550 0.995891 3.80834 StemPrefixes 16059 51018 0.0497927 6868.67 Stem 2769 16059 0.00972069 890.932 SubMorph 5477 59233 0.430918 250.04
