# D = 1, E = 1, I = 1, P = 0, R = -1, n = 500, N = 1, P = 0, w = 1, a = 0.1, b = 1000, e = 1, f = 1, g = 10, h = 0.1, r = 1580827623, s = 1, S = 0, x = 10, m = 0, Z = 1, z = 0, T = 1, t = 1
# 529804 tokens in 50507 sentences
#
# It	Temp	Time	-logP	tables	same	changed	reject	default_pya	(parent pym pyn pya pyb)*
0	1	18.684	2.16712e+06	264961	0	50507	0	0.1 StemSuffixes 50507 50507 0.1 1000 SubMorph 163947 163947 0.1 1000 Stem 50507 50507 0.1 1000
10	1	1319.6	1.09564e+06	68301	17938	32569	0	0.1 StemSuffixes 47542 50507 0.977703 0.000609271 SubMorph 8968 70550 0.251787 1190.65 Stem 11791 47542 0.000116151 4690.59
20	1	4037.89	1.05533e+06	68801	20518	29989	0	0.1 StemSuffixes 48940 50507 0.989646 4.52772e-05 SubMorph 7860 70472 0.348004 615.773 Stem 12001 48940 0.00174871 4710.13
30	1	7239.95	1.03904e+06	69185	22108	28399	3	0.1 StemSuffixes 49271 50507 0.990616 0.641769 SubMorph 7602 70705 0.378515 512.244 Stem 12312 49271 4.08935e-05 5024.96
40	1	10280.6	1.02859e+06	69421	23074	27433	0	0.1 StemSuffixes 49428 50507 0.992041 3.19264e-14 SubMorph 7451 70667 0.378403 513.619 Stem 12542 49428 0.000449058 5013.6
50	1	20681.9	1.01947e+06	69339	24283	26224	0	0.1 StemSuffixes 49588 50507 0.992512 7.60326 SubMorph 7253 70582 0.394945 376.921 Stem 12498 49588 2.06524e-05 5056.32
60	1	23490.6	1.01372e+06	69619	25432	25075	0	0.1 StemSuffixes 49677 50507 0.994659 2.53211e-05 SubMorph 7334 70596 0.38442 430.699 Stem 12608 49677 0.00075941 5205.5
70	1	28828	1.00865e+06	69833	26052	24455	1	0.1 StemSuffixes 49771 50507 0.994482 0.0179142 SubMorph 7355 70766 0.390283 433.416 Stem 12707 49771 0.00191528 5143.82
80	1	55820.5	1.00555e+06	69961	26657	23850	0	0.1 StemSuffixes 49850 50507 0.994431 0.000568967 SubMorph 7387 70802 0.409222 374.804 Stem 12724 49850 0.00169688 5177.72
90	1	62211.2	1.00109e+06	70160	27016	23491	0	0.1 StemSuffixes 49873 50507 0.995515 0.0775111 SubMorph 7472 70388 0.40392 434.278 Stem 12815 49873 0.0012042 5191.51
100	1	76449.5	997562	70191	27756	22751	0	0.1 StemSuffixes 49913 50507 0.995696 4.10175e-08 SubMorph 7505 70222 0.427771 334.72 Stem 12773 49913 0.000454045 5099.67
110	1	108453	993908	70131	28294	22213	1	0.1 StemSuffixes 49952 50507 0.996031 8.03043e-07 SubMorph 7414 70140 0.42357 351.745 Stem 12765 49952 4.71402e-05 5156.41
120	1	116544	995607	70506	28245	22262	1	0.1 StemSuffixes 49980 50507 0.996009 0.000210271 SubMorph 7579 70401 0.420582 404.36 Stem 12947 49980 4.56224e-05 5302.01
130	1	124218	993669	70483	28337	22170	1	0.1 StemSuffixes 49996 50507 0.996377 0.0704824 SubMorph 7517 70485 0.425791 361.919 Stem 12970 49996 0.000900372 5332.76
140	1	129083	991271	70332	28554	21953	1	0.1 StemSuffixes 50074 50507 0.996677 8.5629 SubMorph 7355 70441 0.425859 334.016 Stem 12903 50074 0.000811314 5347.11
150	1	133407	990383	70329	28754	21753	2	0.1 StemSuffixes 50090 50507 0.996474 2.13874e-18 SubMorph 7346 70507 0.414715 385.816 Stem 12893 50090 0.000181583 5178.24
160	1	143882	990239	70381	28920	21587	1	0.1 StemSuffixes 50087 50507 0.996715 0.900282 SubMorph 7469 70232 0.435612 370.168 Stem 12825 50087 0.00193273 5221.35
170	1	151249	988877	70671	29198	21309	0	0.1 StemSuffixes 50106 50507 0.99703 0.223848 SubMorph 7550 70424 0.435469 335.293 Stem 13015 50106 0.00193154 5364.44
180	1	160562	988769	70671	29335	21172	1	0.1 StemSuffixes 50118 50507 0.99711 0.0224487 SubMorph 7567 70193 0.413456 430.218 Stem 12986 50118 5.91116e-05 5386.67
190	1	190681	988454	70421	29843	20664	0	0.1 StemSuffixes 50128 50507 0.997406 0.00102992 SubMorph 7376 70195 0.411119 402.2 Stem 12917 50128 0.000367056 5285.31
200	1	204922	988837	70598	29676	20831	0	0.1 StemSuffixes 50125 50507 0.996994 5.47664e-09 SubMorph 7411 70377 0.418731 373.274 Stem 13062 50125 0.00101321 5420.71
210	1	214336	988606	70674	30119	20388	0	0.1 StemSuffixes 50133 50507 0.997259 5.08024e-08 SubMorph 7481 70437 0.424751 347.028 Stem 13060 50133 0.000628056 5322.42
220	1	227862	988117	70521	29729	20778	2	0.1 StemSuffixes 50158 50507 0.997193 2.73097e-06 SubMorph 7345 70329 0.408586 416.592 Stem 13018 50158 4.15695e-05 5353.2
230	1	234223	988208	70740	30325	20182	2	0.1 StemSuffixes 50161 50507 0.997706 0.00205393 SubMorph 7489 70190 0.425348 364.299 Stem 13090 50161 0.000913702 5317.23
240	1	246132	987816	70675	30434	20073	2	0.1 StemSuffixes 50194 50507 0.997662 7.65385e-08 SubMorph 7408 70105 0.409733 421.615 Stem 13073 50194 0.00321285 5396.15
250	1	262266	987047	70864	30318	20189	0	0.1 StemSuffixes 50202 50507 0.997832 0.000602835 SubMorph 7603 70233 0.441937 323.477 Stem 13059 50202 0.00187831 5306.94
260	1	275757	986268	70779	29875	20632	0	0.1 StemSuffixes 50191 50507 0.997525 0.0015398 SubMorph 7450 70054 0.431372 355.855 Stem 13138 50191 0.0002721 5334.17
270	1	286378	984883	70746	30471	20036	0	0.1 StemSuffixes 50188 50507 0.997936 5.56552 SubMorph 7496 70059 0.43907 314.699 Stem 13062 50188 0.000822772 5319.68
280	1	342110	983969	70756	30136	20371	1	0.1 StemSuffixes 50175 50507 0.99732 4.05171 SubMorph 7439 70005 0.421489 366.985 Stem 13142 50175 1.25846e-05 5297.05
290	1	363236	985050	70870	30279	20228	2	0.1 StemSuffixes 50203 50507 0.997826 11.2799 SubMorph 7631 69708 0.428726 359.202 Stem 13036 50203 0.00014803 5296.51
300	1	375764	984477	70833	29845	20662	3	0.1 StemSuffixes 50187 50507 0.997645 0.00526317 SubMorph 7613 69756 0.437611 365.086 Stem 13033 50187 0.000556845 5426.45
310	1	387520	983744	70886	30372	20135	1	0.1 StemSuffixes 50197 50507 0.997655 0.593364 SubMorph 7492 70041 0.431222 336.522 Stem 13197 50197 0.0014675 5446.9
320	1	401001	980745	70818	30496	20011	1	0.1 StemSuffixes 50202 50507 0.997679 1.76911e-06 SubMorph 7533 69705 0.427321 341.036 Stem 13083 50202 0.00132846 5373.09
330	1	421222	980545	70857	30360	20147	0	0.1 StemSuffixes 50215 50507 0.997705 6.20734e-09 SubMorph 7531 69841 0.433757 347.519 Stem 13111 50215 0.00107802 5371.84
340	1	427323	984493	70784	30140	20367	1	0.1 StemSuffixes 50219 50507 0.998118 4.87374e-09 SubMorph 7492 70022 0.415764 386.684 Stem 13073 50219 0.00168702 5289.69
350	1	435634	983443	70862	30143	20364	0	0.1 StemSuffixes 50243 50507 0.998124 0.000111718 SubMorph 7546 69914 0.446402 293.138 Stem 13073 50243 0.000200006 5443.96
360	1	449369	982581	71066	29799	20708	4	0.1 StemSuffixes 50253 50507 0.998287 1.56498e-06 SubMorph 7542 69959 0.429545 337.315 Stem 13271 50253 0.000408944 5386.08
370	1	465192	980992	70893	29969	20538	1	0.1 StemSuffixes 50227 50507 0.997693 2.58008e-07 SubMorph 7546 69633 0.4274 385.861 Stem 13120 50227 0.000261293 5408.83
380	1	472248	980942	71012	30474	20033	1	0.1 StemSuffixes 50231 50507 0.998006 0.304406 SubMorph 7632 69574 0.433021 360.727 Stem 13149 50231 0.000100208 5424.07
390	1	478585	980950	71061	30374	20133	0	0.1 StemSuffixes 50237 50507 0.99811 0.76125 SubMorph 7726 69637 0.438356 337.195 Stem 13098 50237 0.000687128 5403.33
400	1	484849	979904	70999	30419	20088	0	0.1 StemSuffixes 50256 50507 0.998086 0.00655568 SubMorph 7559 69687 0.445621 297.311 Stem 13184 50256 0.000557579 5551.41
410	1	492133	978802	71175	30825	19682	0	0.1 StemSuffixes 50259 50507 0.998147 0.00587658 SubMorph 7688 69431 0.452061 333.991 Stem 13228 50259 0.000986857 5594.22
420	1	515578	979393	71005	30923	19584	0	0.1 StemSuffixes 50277 50507 0.998026 2.46267e-05 SubMorph 7560 69329 0.429684 329.5 Stem 13168 50277 0.0006213 5434.97
430	1	523519	977112	71083	31498	19009	2	0.1 StemSuffixes 50259 50507 0.997999 0.0492571 SubMorph 7634 69296 0.436802 335.093 Stem 13190 50259 0.000198554 5466.11
440	1	538745	977932	70873	31023	19484	2	0.1 StemSuffixes 50276 50507 0.998459 0.0154141 SubMorph 7430 69330 0.438152 324.783 Stem 13167 50276 0.000627205 5429.97
450	1	550635	977235	71103	31055	19452	2	0.1 StemSuffixes 50300 50507 0.998518 0.122157 SubMorph 7650 69259 0.439181 358.022 Stem 13153 50300 0.000705877 5391.94
460	1	567696	978854	70951	30737	19770	2	0.1 StemSuffixes 50287 50507 0.998155 0.00829421 SubMorph 7509 69322 0.430849 350.717 Stem 13155 50287 0.000153765 5316.14
470	1	579131	982171	70998	30330	20177	0	0.1 StemSuffixes 50312 50507 0.99847 8.93517e-05 SubMorph 7481 69632 0.40998 392.575 Stem 13205 50312 0.00180143 5400.93
480	1	604007	982055	71193	30720	19787	0	0.1 StemSuffixes 50312 50507 0.998676 1.80804e-05 SubMorph 7574 69483 0.423728 410.757 Stem 13307 50312 0.000484223 5577.74
490	1	612753	980043	70947	31318	19189	2	0.1 StemSuffixes 50293 50507 0.998279 0.0003672 SubMorph 7430 69498 0.401525 419.615 Stem 13224 50293 0.00015693 5479.79
500	1	625650	981948	71136	30760	19747	1	0.1 StemSuffixes 50298 50507 0.998473 0.000737817 SubMorph 7658 69538 0.423593 361.284 Stem 13180 50298 0.0048821 5411.99
