# D = 1, E = 1, I = 1, P = 0, R = -1, n = 500, N = 1, P = 0, w = 1, a = 0.1, b = 1000, e = 1, f = 1, g = 10, h = 0.1, r = 1580791276, s = 1, S = 0, x = 10, m = 0, Z = 1, z = 0, T = 1, t = 1
# 529804 tokens in 50507 sentences
#
# It	Temp	Time	-logP	tables	same	changed	reject	default_pya	(parent pym pyn pya pyb)*
0	1	9.584	2.26072e+06	315209	0	50507	0	0.1 Prefix 50507 50507 0.1 1000 Suffix 50507 50507 0.1 1000 Stem 50507 50507 0.1 1000 SubMorph 163688 163688 0.1 1000
10	1	2097.85	1.39587e+06	36693	720	49787	1	0.1 Prefix 10854 50507 0.266589 1939.26 Suffix 4808 50507 0.179846 726.851 Stem 14989 50507 0.00241114 6597.43 SubMorph 6042 34739 0.00628634 1991.89
20	1	3159.35	1.36228e+06	33883	926	49581	1	0.1 Prefix 10409 50507 0.380242 1150.51 Suffix 3352 50507 0.169199 472.07 Stem 14813 50507 0.0074327 6552.32 SubMorph 5309 33955 0.0147226 1661.11
30	1	4190.44	1.34283e+06	32233	1022	49485	0	0.1 Prefix 9913 50507 0.420659 883.471 Suffix 2750 50507 0.139923 377.062 Stem 14789 50507 0.0107997 6433.36 SubMorph 4781 33723 0.00349264 1433.8
40	1	5112.8	1.32762e+06	31585	1120	49387	0	0.1 Prefix 9627 50507 0.442265 795.596 Suffix 2516 50507 0.145096 318.978 Stem 14791 50507 0.00698179 6431.4 SubMorph 4651 33759 0.00147258 1383.57
50	1	6069.98	1.31789e+06	31384	1280	49227	1	0.1 Prefix 9723 50507 0.480298 596.677 Suffix 2195 50507 0.12134 297.308 Stem 14825 50507 0.0124138 6394.23 SubMorph 4641 33669 0.00487463 1373.79
60	1	7017.86	1.31128e+06	31028	1324	49183	3	0.1 Prefix 9478 50507 0.473537 654.394 Suffix 2114 50507 0.161635 232.483 Stem 14769 50507 0.00105628 6488.54 SubMorph 4667 33491 0.000627153 1392.34
70	1	7927.43	1.30398e+06	30864	1386	49121	2	0.1 Prefix 9452 50507 0.504286 501.281 Suffix 1986 50507 0.162779 209.306 Stem 14825 50507 0.00395937 6553.85 SubMorph 4601 33706 0.00362626 1364.23
80	1	8789.26	1.30262e+06	30324	1376	49131	3	0.1 Prefix 8846 50507 0.469819 483.897 Suffix 1878 50507 0.156058 211.479 Stem 14915 50507 0.0114204 6492.9 SubMorph 4685 33785 0.00321609 1407.86
90	1	9615.97	1.30058e+06	29831	1352	49155	2	0.1 Prefix 8398 50507 0.506895 354.127 Suffix 1825 50507 0.177657 176.269 Stem 14887 50507 0.00955081 6495.46 SubMorph 4721 33728 0.00155619 1413.01
100	1	10434.8	1.29128e+06	29676	1480	49027	1	0.1 Prefix 8397 50507 0.516362 328.949 Suffix 1836 50507 0.201639 156.044 Stem 14842 50507 0.0269205 6264.78 SubMorph 4601 33603 0.00271119 1334.19
110	1	11252.3	1.28722e+06	29524	1549	48958	1	0.1 Prefix 8278 50507 0.505216 353.619 Suffix 1816 50507 0.209298 154.662 Stem 14898 50507 0.00186962 6526.82 SubMorph 4532 33526 0.00263834 1374.7
120	1	12076	1.28431e+06	29774	1617	48890	1	0.1 Prefix 8282 50507 0.50709 386.89 Suffix 1799 50507 0.209041 150.395 Stem 14973 50507 0.0283088 6467.14 SubMorph 4720 33568 0.00665166 1432.45
130	1	12914.8	1.27932e+06	29315	1659	48848	0	0.1 Prefix 8050 50507 0.527807 255.312 Suffix 1731 50507 0.216526 143.727 Stem 14931 50507 0.00571726 6594.53 SubMorph 4603 33387 0.00377414 1409.29
140	1	13656.3	1.28442e+06	28367	1564	48943	2	0.1 Prefix 6993 50507 0.449428 390.002 Suffix 1757 50507 0.220042 145.056 Stem 15014 50507 0.0290004 6264.03 SubMorph 4603 33618 0.00805377 1369.47
150	1	14369.2	1.28253e+06	28086	1560	48947	1	0.1 Prefix 6714 50507 0.448504 346.003 Suffix 1724 50507 0.214353 154.633 Stem 15054 50507 0.0243556 6307.03 SubMorph 4594 33621 0.00205076 1352.53
160	1	15086.7	1.27905e+06	28216	1690	48817	2	0.1 Prefix 6879 50507 0.467034 313.811 Suffix 1716 50507 0.212502 146.81 Stem 15026 50507 0.0405321 6150.75 SubMorph 4595 33349 0.00113398 1377.08
170	1	15798.9	1.27894e+06	28131	1637	48870	0	0.1 Prefix 6700 50507 0.44777 363.831 Suffix 1564 50507 0.191487 138.087 Stem 15155 50507 0.0487089 6173.87 SubMorph 4712 33574 0.00182482 1412.95
180	1	16486.7	1.27622e+06	28049	1624	48883	1	0.1 Prefix 6735 50507 0.449388 322.877 Suffix 1568 50507 0.213143 132.483 Stem 15037 50507 0.011265 6482.82 SubMorph 4709 33441 0.00615858 1460.72
190	1	17178.5	1.27367e+06	27670	1638	48869	2	0.1 Prefix 6484 50507 0.435664 367.984 Suffix 1582 50507 0.239992 113.008 Stem 14985 50507 0.00379138 6619.8 SubMorph 4619 33433 0.0102336 1371.61
200	1	17854.5	1.27013e+06	27517	1633	48874	1	0.1 Prefix 6325 50507 0.431965 319.938 Suffix 1597 50507 0.256211 103.092 Stem 15004 50507 0.0100602 6547.87 SubMorph 4591 33361 0.00341114 1330.3
210	1	18514.5	1.26753e+06	27374	1663	48844	1	0.1 Prefix 6253 50507 0.464657 246.829 Suffix 1583 50507 0.241729 119.021 Stem 15056 50507 0.00833952 6554.43 SubMorph 4482 33468 0.00174131 1344.79
220	1	19185.7	1.26871e+06	27138	1691	48816	1	0.1 Prefix 5922 50507 0.424203 317.403 Suffix 1524 50507 0.217547 121.515 Stem 15123 50507 0.0388663 6424.66 SubMorph 4569 33594 0.00989309 1382.87
230	1	19834.7	1.27459e+06	26679	1678	48829	1	0.1 Prefix 5549 50507 0.363335 404.084 Suffix 1465 50507 0.212397 112.531 Stem 15098 50507 0.0115547 6697.76 SubMorph 4567 33570 0.00433781 1343.53
240	1	20452.3	1.27014e+06	26548	1707	48800	0	0.1 Prefix 5402 50507 0.411847 278.256 Suffix 1452 50507 0.202572 120.444 Stem 15107 50507 0.0171923 6472.33 SubMorph 4587 33550 0.00640584 1310.5
250	1	21096.1	1.26695e+06	27005	1821	48686	1	0.1 Prefix 5853 50507 0.419417 314.985 Suffix 1495 50507 0.218879 107.445 Stem 15111 50507 0.0236892 6441.66 SubMorph 4546 33474 0.00921352 1324.54
260	1	21737.1	1.26578e+06	27122	1817	48690	1	0.1 Prefix 5885 50507 0.424459 310.699 Suffix 1462 50507 0.208411 119.968 Stem 15108 50507 0.00989378 6617.15 SubMorph 4667 33447 0.00498721 1384.18
270	1	22353.7	1.26438e+06	27082	1913	48594	2	0.1 Prefix 5847 50507 0.447639 256.086 Suffix 1457 50507 0.240553 98.3417 Stem 15192 50507 0.0144057 6609.93 SubMorph 4586 33578 0.00759312 1332.08
280	1	22999.2	1.25927e+06	26913	1901	48606	0	0.1 Prefix 5577 50507 0.440106 233.981 Suffix 1512 50507 0.251412 100.885 Stem 15141 50507 0.0230768 6567.3 SubMorph 4683 33501 0.0138532 1331.3
290	1	23588.8	1.25891e+06	26532	1882	48625	2	0.1 Prefix 5259 50507 0.407215 274.441 Suffix 1510 50507 0.255652 92.2021 Stem 15048 50507 0.0177995 6398.35 SubMorph 4715 33330 0.010845 1400.45
300	1	24222.9	1.25571e+06	26895	1879	48628	1	0.1 Prefix 5561 50507 0.456941 198.4 Suffix 1462 50507 0.260668 91.3146 Stem 15112 50507 0.0259866 6238.97 SubMorph 4760 33462 0.00615228 1503.37
310	1	24821.3	1.25597e+06	26742	1927	48580	1	0.1 Prefix 5431 50507 0.42691 233.514 Suffix 1508 50507 0.245829 92.7134 Stem 15038 50507 0.000519594 6662.37 SubMorph 4765 33331 0.00123402 1483.85
320	1	25425.3	1.25606e+06	26888	1894	48613	0	0.1 Prefix 5445 50507 0.440511 261.861 Suffix 1448 50507 0.243147 90.5644 Stem 15245 50507 0.0365279 6344.55 SubMorph 4750 33528 0.0143126 1394.32
330	1	26010.8	1.25487e+06	26858	1963	48544	0	0.1 Prefix 5598 50507 0.480172 171.459 Suffix 1425 50507 0.221414 108.378 Stem 15143 50507 0.017408 6526.46 SubMorph 4692 33558 0.00201221 1426.04
340	1	26659.6	1.25269e+06	27171	1944	48563	1	0.1 Prefix 5841 50507 0.4528 253.719 Suffix 1505 50507 0.223029 118.732 Stem 15146 50507 0.0148805 6522.11 SubMorph 4679 33464 0.00654169 1396.27
350	1	27314.1	1.25358e+06	26891	1820	48687	0	0.1 Prefix 5543 50507 0.449873 229.962 Suffix 1459 50507 0.22566 99.3324 Stem 15167 50507 0.0216168 6567.24 SubMorph 4722 33368 0.00576923 1426.66
360	1	27918.1	1.2557e+06	26483	1849	48658	1	0.1 Prefix 5180 50507 0.441211 232.269 Suffix 1488 50507 0.240255 84.9278 Stem 15122 50507 0.000769917 6792.19 SubMorph 4693 33447 0.00883696 1382.29
370	1	28514	1.25537e+06	26558	1697	48810	0	0.1 Prefix 5371 50507 0.448347 236.896 Suffix 1495 50507 0.220365 99.9704 Stem 15156 50507 0.0304431 6369.35 SubMorph 4536 33458 0.0130873 1333.69
380	1	29112.5	1.25449e+06	26472	1853	48654	2	0.1 Prefix 5202 50507 0.436254 236.513 Suffix 1487 50507 0.239555 94.5534 Stem 15151 50507 0.0138062 6620.6 SubMorph 4632 33650 0.000986185 1392
390	1	29723.1	1.25451e+06	26808	1896	48611	0	0.1 Prefix 5484 50507 0.465312 205.666 Suffix 1460 50507 0.232782 104.393 Stem 15194 50507 0.0126643 6716.36 SubMorph 4670 33597 0.00174415 1399.54
400	1	30338.6	1.25167e+06	26976	1825	48682	0	0.1 Prefix 5640 50507 0.482153 165.343 Suffix 1438 50507 0.234026 97.5209 Stem 15183 50507 0.0223898 6501.99 SubMorph 4715 33449 0.00227897 1440.7
410	1	30950.9	1.25027e+06	26925	1865	48642	2	0.1 Prefix 5529 50507 0.475064 168.63 Suffix 1416 50507 0.258283 86.2827 Stem 15224 50507 0.030391 6445.37 SubMorph 4756 33653 0.0189709 1369.25
420	1	31551.6	1.24895e+06	26620	1913	48594	1	0.1 Prefix 5487 50507 0.459665 200.542 Suffix 1397 50507 0.21044 103.577 Stem 15146 50507 0.0164791 6492.33 SubMorph 4590 33403 0.0172582 1340.45
430	1	32149.5	1.24753e+06	26588	1879	48628	1	0.1 Prefix 5434 50507 0.461167 189.046 Suffix 1459 50507 0.280421 68.6803 Stem 15130 50507 0.0128465 6645.78 SubMorph 4565 33525 0.00775604 1316.97
440	1	32735.4	1.24831e+06	26496	1866	48641	1	0.1 Prefix 5230 50507 0.443048 211.356 Suffix 1436 50507 0.262284 79.6078 Stem 15261 50507 0.0347303 6508.69 SubMorph 4569 33686 0.000138436 1351.68
450	1	33322.4	1.24579e+06	26644	1890	48617	0	0.1 Prefix 5385 50507 0.459425 200.769 Suffix 1385 50507 0.241134 91.0101 Stem 15221 50507 0.017583 6567.18 SubMorph 4653 33768 0.00328691 1406.13
460	1	33929.5	1.24478e+06	26795	1796	48711	0	0.1 Prefix 5376 50507 0.462017 192.253 Suffix 1471 50507 0.299369 64.201 Stem 15247 50507 0.0132556 6788.76 SubMorph 4701 33680 0.00614794 1393.36
470	1	34526.1	1.24504e+06	26489	1862	48645	0	0.1 Prefix 5155 50507 0.445492 215.023 Suffix 1421 50507 0.248527 86.3891 Stem 15214 50507 0.00766155 6587.97 SubMorph 4699 33458 0.0231388 1349.78
480	1	35103.5	1.24419e+06	26417	1999	48508	2	0.1 Prefix 5181 50507 0.444808 209.459 Suffix 1388 50507 0.206744 106.85 Stem 15086 50507 0.0236597 6436.7 SubMorph 4762 33240 0.0197582 1353.51
490	1	35692.8	1.24399e+06	26399	1924	48583	0	0.1 Prefix 5038 50507 0.431774 191.185 Suffix 1456 50507 0.234885 98.5099 Stem 15312 50507 0.0403834 6271.04 SubMorph 4593 33591 0.00422861 1361.15
500	1	36244.9	1.24137e+06	26144	1954	48553	0	0.1 Prefix 4997 50507 0.420449 226.539 Suffix 1338 50507 0.227122 82.6945 Stem 15213 50507 0.032838 6434.41 SubMorph 4596 33620 0.00918617 1401.55
