# D = 1, E = 1, I = 1, P = 0, R = -1, n = 500, N = 1, P = 0, w = 1, a = 0.1, b = 1000, e = 1, f = 1, g = 10, h = 0.1, r = 1599184341, s = 1, S = 0, x = 10, m = 0, Z = 1, z = 0, T = 1, t = 1
# 529804 tokens in 50507 sentences
#
# It	Temp	Time	-logP	tables	same	changed	reject	default_pya	(parent pym pyn pya pyb)*
0	1	5.36	1.68791e+06	50507	0	50507	0	0.1 Stem 50507 50507 0.1 1000
10	1	136.76	1.21266e+06	7682	37878	12629	1	0.1 Stem 7682 50507 0.00039117 2369.72
20	1	236.508	1.20162e+06	7354	40154	10353	0	0.1 Stem 7354 50507 0.000116117 2276.51
30	1	338.748	1.19701e+06	7395	40928	9579	0	0.1 Stem 7395 50507 1.99025e-05 2227.31
40	1	439.332	1.19371e+06	7434	41410	9097	0	0.1 Stem 7434 50507 0.00215265 2303.28
50	1	542.788	1.19105e+06	7423	41747	8760	0	0.1 Stem 7423 50507 0.000238563 2279.87
60	1	644.448	1.1888e+06	7496	42190	8317	0	0.1 Stem 7496 50507 0.00049693 2320.03
70	1	746.324	1.18668e+06	7610	42481	8026	1	0.1 Stem 7610 50507 0.000528849 2382.44
80	1	849.652	1.18501e+06	7654	42566	7941	0	0.1 Stem 7654 50507 1.40198e-05 2428.72
90	1	954.228	1.18316e+06	7631	42818	7689	0	0.1 Stem 7631 50507 0.000136919 2388
100	1	1072.14	1.18214e+06	7782	42935	7572	0	0.1 Stem 7782 50507 0.000701688 2456.59
110	1	1179.66	1.18096e+06	7756	43158	7349	0	0.1 Stem 7756 50507 0.000877123 2403.46
120	1	1287.32	1.1793e+06	7785	43368	7139	2	0.1 Stem 7785 50507 0.000121035 2434.23
130	1	1394.24	1.17837e+06	7809	43349	7158	0	0.1 Stem 7809 50507 0.000533725 2466.67
140	1	1503.46	1.17747e+06	7865	43461	7046	0	0.1 Stem 7865 50507 0.000593453 2516.73
150	1	1611.9	1.17667e+06	7935	43599	6908	0	0.1 Stem 7935 50507 0.000262979 2534.06
160	1	1719.69	1.1755e+06	7954	43714	6793	0	0.1 Stem 7954 50507 0.00188475 2512.13
170	1	1830.59	1.17472e+06	7994	43868	6639	0	0.1 Stem 7994 50507 0.000244335 2560.41
180	1	1939.5	1.17377e+06	7958	43877	6630	1	0.1 Stem 7958 50507 0.000227428 2585.63
190	1	2048.82	1.17319e+06	7998	43908	6599	0	0.1 Stem 7998 50507 0.00107684 2489.42
200	1	2158.15	1.17244e+06	8094	43869	6638	0	0.1 Stem 8094 50507 0.000631984 2531.02
210	1	2269.06	1.17175e+06	8156	44017	6490	0	0.1 Stem 8156 50507 0.00103839 2620.78
220	1	2378.5	1.17105e+06	8092	44127	6380	0	0.1 Stem 8092 50507 0.000911793 2569.76
230	1	2488.99	1.17016e+06	8117	44179	6328	0	0.1 Stem 8117 50507 0.000232212 2638.89
240	1	2598.56	1.17008e+06	8149	44167	6340	0	0.1 Stem 8149 50507 4.24162e-05 2622.81
250	1	2709.09	1.16942e+06	8111	44172	6335	0	0.1 Stem 8111 50507 0.000370445 2620.77
260	1	2820.1	1.16964e+06	8253	44164	6343	0	0.1 Stem 8253 50507 6.01541e-06 2606.18
270	1	2931.34	1.16893e+06	8247	44028	6479	0	0.1 Stem 8247 50507 0.000648616 2692.36
280	1	3041.77	1.1682e+06	8293	44227	6280	0	0.1 Stem 8293 50507 0.000855451 2644.88
290	1	3155.03	1.16771e+06	8311	44324	6183	0	0.1 Stem 8311 50507 0.000970688 2702.51
300	1	3264.89	1.16752e+06	8360	44344	6163	0	0.1 Stem 8360 50507 0.000204791 2714.82
310	1	3377.56	1.16736e+06	8396	44407	6100	0	0.1 Stem 8396 50507 0.000111842 2784.95
320	1	3487.1	1.16645e+06	8344	44439	6068	1	0.1 Stem 8344 50507 9.8699e-05 2711.97
330	1	3598.82	1.16582e+06	8341	44522	5985	1	0.1 Stem 8341 50507 0.000628948 2674.49
340	1	3710.86	1.16563e+06	8349	44573	5934	0	0.1 Stem 8349 50507 0.000340165 2767.12
350	1	3823.61	1.16579e+06	8432	44509	5998	0	0.1 Stem 8432 50507 0.000798864 2768.69
360	1	3935.57	1.16517e+06	8429	44459	6048	0	0.1 Stem 8429 50507 0.000394755 2751.05
370	1	4046.74	1.16487e+06	8425	44504	6003	0	0.1 Stem 8425 50507 0.000119 2754.2
380	1	4161.07	1.16505e+06	8472	44402	6105	0	0.1 Stem 8472 50507 0.000530188 2754.63
390	1	4273.56	1.16445e+06	8509	44632	5875	0	0.1 Stem 8509 50507 0.000449761 2841.87
400	1	4385.36	1.16451e+06	8560	44472	6035	0	0.1 Stem 8560 50507 1.00519e-05 2931.12
410	1	4498.57	1.16434e+06	8550	44479	6028	0	0.1 Stem 8550 50507 0.000244691 2763.67
420	1	4611.81	1.1639e+06	8548	44560	5947	0	0.1 Stem 8548 50507 0.000306848 2811.27
430	1	4723.68	1.16353e+06	8553	44636	5871	0	0.1 Stem 8553 50507 0.000413108 2793.75
440	1	4835.2	1.16302e+06	8637	44539	5968	0	0.1 Stem 8637 50507 3.9822e-05 2810.75
450	1	4947.86	1.16185e+06	8619	44678	5829	1	0.1 Stem 8619 50507 0.000755021 2836.97
460	1	5059.56	1.16205e+06	8620	44634	5873	0	0.1 Stem 8620 50507 0.000125522 2813.18
470	1	5172.44	1.16172e+06	8638	44646	5861	0	0.1 Stem 8638 50507 0.000137384 2830.96
480	1	5284.73	1.16121e+06	8653	44835	5672	0	0.1 Stem 8653 50507 6.12835e-05 2858.14
490	1	5394.9	1.1609e+06	8625	44795	5712	0	0.1 Stem 8625 50507 0.000211527 2814.04
500	1	5506.99	1.16056e+06	8650	44739	5768	0	0.1 Stem 8650 50507 0.000392644 2817.18
