# D = 1, E = 1, I = 1, P = 0, R = -1, n = 500, N = 1, P = 0, w = 1, a = 0.1, b = 1000, e = 1, f = 1, g = 10, h = 0.1, r = 1599222781, s = 1, S = 0, x = 10, m = 0, Z = 1, z = 0, T = 1, t = 1
# 529804 tokens in 50507 sentences
#
# It	Temp	Time	-logP	tables	same	changed	reject	default_pya	(parent pym pyn pya pyb)*
0	1	11.368	2.34954e+06	266235	0	50507	0	0.1 Stem 50507 50507 0.1 1000 SubMorph 215728 215728 0.1 1000
10	1	1446.5	1.22598e+06	21813	8920	41587	1	0.1 Stem 9900 50507 0.00119495 3433.97 SubMorph 11913 86386 0.0365312 3319.91
20	1	1866.82	1.17419e+06	19086	11283	39224	0	0.1 Stem 9783 50507 0.00104601 3448.07 SubMorph 9303 84468 0.123512 1805.76
30	1	2239.03	1.14207e+06	18274	13414	37093	0	0.1 Stem 10054 50507 0.000350419 3554.18 SubMorph 8220 83345 0.153945 1394.61
40	1	2581.52	1.12276e+06	17951	14553	35954	0	0.1 Stem 10191 50507 9.94021e-05 3618.5 SubMorph 7760 82679 0.19316 1117.38
50	1	2915.58	1.11036e+06	18150	15461	35046	0	0.1 Stem 10487 50507 0.000571985 3870.09 SubMorph 7663 82269 0.227721 943.529
60	1	3245.23	1.09971e+06	18396	16251	34256	0	0.1 Stem 10648 50507 4.70275e-05 3881.64 SubMorph 7748 81993 0.270721 790.765
70	1	3574.77	1.08866e+06	18253	17144	33363	0	0.1 Stem 10688 50507 0.000405759 3895.5 SubMorph 7565 81458 0.274336 776.859
80	1	3900.74	1.08284e+06	18521	17676	32831	1	0.1 Stem 10917 50507 0.000409253 3973.47 SubMorph 7604 81299 0.289447 726.806
90	1	4227.6	1.07938e+06	18524	18098	32409	0	0.1 Stem 10950 50507 0.00010019 3996.91 SubMorph 7574 81154 0.304029 697.417
100	1	4558.34	1.07374e+06	18636	18734	31773	0	0.1 Stem 11029 50507 0.000371786 4138.38 SubMorph 7607 81013 0.313606 625.134
110	1	4890.53	1.06931e+06	18820	18986	31521	1	0.1 Stem 11108 50507 0.000367901 4144.17 SubMorph 7712 80736 0.315451 655.083
120	1	5220.74	1.06636e+06	18807	19314	31193	1	0.1 Stem 11185 50507 0.000327916 4206.8 SubMorph 7622 80772 0.3228 605.599
130	1	5552.09	1.06165e+06	18986	19884	30623	0	0.1 Stem 11305 50507 0.000808872 4198.18 SubMorph 7681 80651 0.323489 648.908
140	1	5886.6	1.05836e+06	18951	20317	30190	0	0.1 Stem 11236 50507 0.000354159 4281.39 SubMorph 7715 80547 0.340406 539.424
150	1	6215.82	1.05371e+06	18833	20933	29574	0	0.1 Stem 11278 50507 0.000438606 4289.31 SubMorph 7555 80389 0.334987 588.967
160	1	6536.56	1.05239e+06	18994	21271	29236	3	0.1 Stem 11403 50507 0.000362305 4226.03 SubMorph 7591 80508 0.335796 572.156
170	1	6852.82	1.04707e+06	18792	22181	28326	1	0.1 Stem 11377 50507 0.00092819 4323.11 SubMorph 7415 80533 0.348071 520.732
180	1	7173.28	1.04605e+06	19067	22458	28049	0	0.1 Stem 11470 50507 1.74457e-05 4315.73 SubMorph 7597 80272 0.352766 480.391
190	1	7503	1.04471e+06	19231	22709	27798	0	0.1 Stem 11551 50507 0.00206294 4365.09 SubMorph 7680 80215 0.366414 485.464
200	1	7826.41	1.04234e+06	19117	23058	27449	0	0.1 Stem 11480 50507 0.000341467 4405.59 SubMorph 7637 79990 0.361125 492.638
210	1	8156.11	1.04021e+06	19213	23638	26869	0	0.1 Stem 11516 50507 0.00262265 4309.56 SubMorph 7697 80214 0.361676 514.871
220	1	8477.1	1.03722e+06	19197	24380	26127	0	0.1 Stem 11448 50507 0.000591931 4289.85 SubMorph 7749 79936 0.377766 468.922
230	1	8802.89	1.0349e+06	19421	24722	25785	2	0.1 Stem 11616 50507 0.000167889 4437.55 SubMorph 7805 80016 0.383249 444.869
240	1	9128.35	1.03363e+06	19081	24521	25986	0	0.1 Stem 11526 50507 0.00115692 4372.92 SubMorph 7555 79878 0.360992 510.752
250	1	9449.34	1.03317e+06	19168	24780	25727	3	0.1 Stem 11528 50507 1.81999e-05 4436.04 SubMorph 7640 79823 0.372766 504.663
260	1	9772.8	1.0328e+06	19228	24482	26025	0	0.1 Stem 11688 50507 0.000285385 4437.5 SubMorph 7540 79956 0.375507 457.241
270	1	10096	1.0315e+06	19433	24665	25842	1	0.1 Stem 11712 50507 0.00104052 4523.67 SubMorph 7721 79760 0.371902 504.605
280	1	10424.3	1.03322e+06	19591	24176	26331	0	0.1 Stem 11739 50507 4.05609e-07 4474.99 SubMorph 7852 79871 0.384999 476.605
290	1	10754.9	1.03196e+06	19454	24362	26145	0	0.1 Stem 11654 50507 0.00103506 4414.18 SubMorph 7800 79842 0.382656 496.211
300	1	11080.5	1.02834e+06	19416	24683	25824	0	0.1 Stem 11611 50507 0.000554814 4508.35 SubMorph 7805 79615 0.394195 444.158
310	1	11423.9	1.02651e+06	19357	24693	25814	1	0.1 Stem 11634 50507 0.00147514 4453.1 SubMorph 7723 79693 0.383214 441.753
320	1	11746.1	1.02732e+06	19409	24640	25867	0	0.1 Stem 11730 50507 0.000387935 4511.22 SubMorph 7679 79888 0.386292 426.703
330	1	12070.8	1.02656e+06	19434	24762	25745	0	0.1 Stem 11789 50507 0.000536763 4595.85 SubMorph 7645 79799 0.387186 395.463
340	1	12395.3	1.02641e+06	19401	24861	25646	0	0.1 Stem 11718 50507 0.000421962 4582.04 SubMorph 7683 79725 0.379938 449.639
350	1	12722.9	1.02553e+06	19416	24888	25619	1	0.1 Stem 11767 50507 0.000500525 4448.06 SubMorph 7649 79729 0.393421 469.657
360	1	13059.5	1.02339e+06	19327	25108	25399	0	0.1 Stem 11758 50507 0.000538798 4517.25 SubMorph 7569 79750 0.374753 481.78
370	1	13384.5	1.02097e+06	19429	25279	25228	0	0.1 Stem 11695 50507 0.00026545 4375.45 SubMorph 7734 79490 0.399892 391.237
380	1	13710.1	1.02129e+06	19429	25244	25263	0	0.1 Stem 11816 50507 1.08103e-05 4529.5 SubMorph 7613 79666 0.393172 436.185
390	1	14029	1.02216e+06	19297	25214	25293	0	0.1 Stem 11716 50507 0.00015826 4467.39 SubMorph 7581 79551 0.383926 443.213
400	1	14351.1	1.02226e+06	19575	25544	24963	0	0.1 Stem 11795 50507 0.000821932 4556.48 SubMorph 7780 79578 0.387017 457.483
410	1	14681.6	1.02233e+06	19611	25454	25053	1	0.1 Stem 11799 50507 0.000215426 4489.55 SubMorph 7812 79427 0.412134 372.494
420	1	15009.9	1.02317e+06	19620	25260	25247	1	0.1 Stem 11856 50507 0.000558074 4612.67 SubMorph 7764 79623 0.394702 439.521
430	1	15332.1	1.02351e+06	19475	25622	24885	1	0.1 Stem 11787 50507 0.000269064 4633.63 SubMorph 7688 79508 0.382736 463.307
440	1	15659.4	1.02265e+06	19578	25711	24796	0	0.1 Stem 11757 50507 0.000175897 4476.03 SubMorph 7821 79547 0.400031 440.372
450	1	15983.1	1.0209e+06	19773	26565	23942	0	0.1 Stem 11828 50507 0.000814007 4586.08 SubMorph 7945 79392 0.401499 417.401
460	1	16315.2	1.02071e+06	19569	26317	24190	2	0.1 Stem 11815 50507 0.00022964 4541.51 SubMorph 7754 79378 0.402323 412.467
470	1	16642	1.02183e+06	19455	26298	24209	1	0.1 Stem 11868 50507 2.97727e-06 4641.94 SubMorph 7587 79617 0.381641 436.441
480	1	16962	1.01903e+06	19616	26626	23881	0	0.1 Stem 11818 50507 5.76711e-05 4563.8 SubMorph 7798 79301 0.407241 417.229
490	1	17279.1	1.01756e+06	19542	26769	23738	0	0.1 Stem 11872 50507 9.83477e-06 4622.96 SubMorph 7670 79407 0.393095 451.31
500	1	17600.5	1.0155e+06	19726	27003	23504	2	0.1 Stem 11921 50507 9.5042e-05 4584.32 SubMorph 7805 79342 0.401103 403.029
