# D = 1, E = 1, I = 1, P = 0, R = -1, n = 500, N = 1, P = 0, w = 1, a = 0.1, b = 1000, e = 1, f = 1, g = 10, h = 0.1, r = 1599407524, s = 1, S = 0, x = 10, m = 0, Z = 1, z = 0, T = 1, t = 1
# 529804 tokens in 50507 sentences
#
# It	Temp	Time	-logP	tables	same	changed	reject	default_pya	(parent pym pyn pya pyb)*
0	1	29.108	2.59359e+06	386904	0	50507	0	0.1 Stem 39923 39923 0.1 1000 Compound 100736 100736 0.1 1000 SuffixMorph 57462 57462 0.1 1000 SubMorph 188783 188783 0.1 1000
10	1	2264.93	1.30654e+06	41554	7125	43382	2	0.1 Stem 2014 5918 0.699199 40.0626 Compound 28412 105522 0.180025 7844.67 SuffixMorph 7243 27004 0.220506 1832.26 SubMorph 3885 22605 0.0277292 1239.06
20	1	3629.78	1.28093e+06	42654	7541	42966	1	0.1 Stem 918 5732 0.675801 3.63414 Compound 29840 102961 0.253726 7355.54 SuffixMorph 8803 30552 0.33271 1737.8 SubMorph 3093 22803 0.00190446 943.229
30	1	5013.36	1.26986e+06	44293	7684	42823	2	0.1 Stem 583 6641 0.60614 2.64582 Compound 31197 101721 0.29242 6979.98 SuffixMorph 9666 32736 0.361653 1690.62 SubMorph 2847 23040 0.0132542 821.769
40	1	6443.93	1.26291e+06	45215	7913	42594	1	0.1 Stem 302 7278 0.452527 9.71361 Compound 32054 101247 0.271093 8000.97 SuffixMorph 10235 33935 0.397132 1592.39 SubMorph 2624 22753 0.00826121 673.471
50	1	7898.11	1.25909e+06	45924	7823	42684	6	0.1 Stem 177 7272 0.264669 11.8567 Compound 32518 100519 0.305194 7404.61 SuffixMorph 10710 35254 0.410218 1464.47 SubMorph 2519 23030 0.00290333 692.959
60	1	9426.29	1.2545e+06	46504	7978	42529	2	0.1 Stem 124 7760 0.0364008 14.831 Compound 33159 100118 0.288985 8101.72 SuffixMorph 10806 36083 0.428539 1444.95 SubMorph 2415 22581 0.00768801 676.077
70	1	10912.7	1.25092e+06	46487	7945	42562	2	0.1 Stem 109 7808 0.106061 10.4636 Compound 32952 99997 0.274586 8363.66 SuffixMorph 11025 35652 0.455961 1280.25 SubMorph 2401 22937 0.0105746 639.871
80	1	12438.1	1.24882e+06	47333	8135	42372	2	0.1 Stem 106 7909 0.150281 9.16022 Compound 33135 99718 0.293583 8178.65 SuffixMorph 11732 36994 0.425113 1709.25 SubMorph 2360 22804 0.0104768 606.647
90	1	13939	1.24963e+06	47668	8011	42496	2	0.1 Stem 88 7552 0.0232922 11.498 Compound 33166 99636 0.308068 7758.2 SuffixMorph 12069 37157 0.477729 1386.74 SubMorph 2345 23572 0.0101515 590.767
100	1	15615.5	1.24831e+06	47389	8009	42498	4	0.1 Stem 93 7507 0.0182713 14.5222 Compound 32994 99281 0.308845 7635.05 SuffixMorph 11937 37201 0.446937 1585.8 SubMorph 2365 23413 0.000987213 622.365
110	1	17197.7	1.245e+06	48001	8175	42332	1	0.1 Stem 108 7653 0.245911 5.07337 Compound 33309 99245 0.322094 7507.13 SuffixMorph 12203 37807 0.457753 1593.94 SubMorph 2381 23180 0.0163937 617.946
120	1	18819.2	1.24615e+06	48536	8284	42223	3	0.1 Stem 100 7887 0.147934 9.61842 Compound 33506 99262 0.320598 7815.15 SuffixMorph 12487 38533 0.483789 1437.22 SubMorph 2443 22957 0.0121899 668.088
130	1	20500.1	1.24456e+06	48632	8138	42369	2	0.1 Stem 89 7735 0.109562 9.83463 Compound 33593 98967 0.319971 7815.17 SuffixMorph 12465 38462 0.483799 1341.86 SubMorph 2485 23164 0.0311605 632.433
140	1	22095.3	1.24222e+06	48472	8231	42276	0	0.1 Stem 81 7798 0.124748 8.60085 Compound 33447 98972 0.32819 7558.45 SuffixMorph 12536 38429 0.472487 1592.92 SubMorph 2408 23065 0.0257968 590.963
150	1	23757.1	1.24151e+06	49969	8224	42283	0	0.1 Stem 82 8182 0.0707914 9.87462 Compound 34053 98876 0.327031 7780.71 SuffixMorph 13454 39814 0.490952 1524.4 SubMorph 2380 23064 0.00669295 631.081
160	1	25412.6	1.23857e+06	49938	8364	42143	2	0.1 Stem 70 8139 0.117113 5.94398 Compound 34143 98549 0.326027 7959.14 SuffixMorph 13419 40308 0.490386 1505.37 SubMorph 2306 22846 0.000438557 637.171
170	1	27059.7	1.24138e+06	50376	8472	42035	4	0.1 Stem 66 8198 0.0159154 7.85652 Compound 34104 98838 0.325367 7789.96 SuffixMorph 13845 40640 0.49367 1594.92 SubMorph 2361 22770 0.026092 621.78
180	1	28669.7	1.23974e+06	49889	8383	42124	1	0.1 Stem 65 7985 0.0253102 10.0872 Compound 33842 98737 0.326571 7820.8 SuffixMorph 13612 40290 0.498751 1547.84 SubMorph 2370 22800 0.00257252 628.622
190	1	30396.1	1.24148e+06	50768	8388	42119	2	0.1 Stem 60 8318 0.0323039 8.74185 Compound 34314 98640 0.313949 8310.33 SuffixMorph 13995 40728 0.517396 1422.9 SubMorph 2399 23235 0.0280402 630.429
200	1	32035.1	1.23664e+06	49972	8490	42017	4	0.1 Stem 70 8168 0.032396 10.902 Compound 33893 98437 0.312624 7995.47 SuffixMorph 13772 40494 0.512368 1455.28 SubMorph 2237 22959 0.00216937 585.654
210	1	33613.1	1.24145e+06	49597	8257	42250	3	0.1 Stem 70 7693 0.0357974 8.35553 Compound 33507 98455 0.304681 8137.53 SuffixMorph 13816 40771 0.50198 1419.81 SubMorph 2204 23101 0.000340874 598.475
220	1	35189.2	1.23895e+06	50068	8400	42107	1	0.1 Stem 78 7983 0.0161936 10.755 Compound 33529 98507 0.315479 7859.47 SuffixMorph 14131 40361 0.519103 1468.05 SubMorph 2330 23264 0.00358193 602.521
230	1	36793.8	1.24038e+06	50591	8256	42251	2	0.1 Stem 69 7716 0.106906 6.35479 Compound 33657 98557 0.325161 7834.86 SuffixMorph 14500 40451 0.529482 1527.14 SubMorph 2365 23915 0.00844809 607.39
240	1	38426.9	1.23952e+06	49792	8334	42173	3	0.1 Stem 66 7810 0.00947245 10.7288 Compound 33482 98467 0.327875 7417.81 SuffixMorph 13905 40447 0.501612 1583.39 SubMorph 2339 23247 0.00820295 627.212
250	1	40085.9	1.24192e+06	50257	8372	42135	2	0.1 Stem 69 8020 0.104666 6.82451 Compound 33928 98695 0.336365 7618.18 SuffixMorph 13972 40508 0.495307 1595.7 SubMorph 2288 23228 0.0304342 560.671
260	1	41743.3	1.24151e+06	50408	8297	42210	1	0.1 Stem 73 8339 0.133453 5.86266 Compound 34274 98607 0.325636 7998.85 SuffixMorph 13727 40739 0.473356 1725.64 SubMorph 2334 22774 0.0102793 611.973
270	1	43388	1.24123e+06	49860	8283	42224	1	0.1 Stem 59 8111 0.0629935 5.89608 Compound 33768 98574 0.326386 7609.55 SuffixMorph 13653 40277 0.473355 1754.35 SubMorph 2380 22862 0.00139492 642.704
280	1	44988.5	1.24302e+06	50302	8295	42212	2	0.1 Stem 61 8281 0.0162422 8.93686 Compound 33792 98523 0.317824 7863.21 SuffixMorph 14031 40070 0.491783 1728.03 SubMorph 2418 23427 0.00158764 665.131
290	1	46600.3	1.24119e+06	49472	8378	42129	0	0.1 Stem 71 8013 0.0446174 7.96674 Compound 33430 98472 0.315719 7787.93 SuffixMorph 13603 40351 0.468004 1729.3 SubMorph 2368 22552 0.0212439 612.249
300	1	48196.5	1.24209e+06	49672	8329	42178	1	0.1 Stem 59 7991 0.047874 5.03362 Compound 33638 98583 0.327683 7610.02 SuffixMorph 13570 40494 0.447694 1818.73 SubMorph 2405 22490 0.00297346 652.157
310	1	49815.9	1.2385e+06	50508	8207	42300	1	0.1 Stem 65 8131 0.0510342 7.89963 Compound 34081 98115 0.333087 7631.28 SuffixMorph 14014 40938 0.482078 1756.25 SubMorph 2348 23296 0.00622253 600.029
320	1	51535.9	1.2404e+06	50089	8258	42249	2	0.1 Stem 55 8037 0.0632214 5.34683 Compound 33457 98478 0.330461 7607.48 SuffixMorph 14197 40197 0.499382 1681.59 SubMorph 2380 23383 0.00340373 639.092
330	1	53217.9	1.23828e+06	50616	8385	42122	0	0.1 Stem 66 8182 0.0888927 7.76266 Compound 34154 98181 0.342941 7468.22 SuffixMorph 14086 40788 0.516096 1429.78 SubMorph 2310 23559 0.00222719 623.571
340	1	54816.5	1.23618e+06	50465	8253	42254	1	0.1 Stem 60 8181 0.0424528 5.71115 Compound 34236 98225 0.345023 7633.85 SuffixMorph 13809 40744 0.475941 1717.31 SubMorph 2360 23236 0.00324761 645.872
350	1	56445.2	1.23684e+06	50347	8387	42120	1	0.1 Stem 71 8308 0.00586311 10.2547 Compound 33934 98149 0.329578 7625.57 SuffixMorph 14025 40367 0.49782 1630.93 SubMorph 2317 23442 0.00237891 607.611
360	1	58067.9	1.23957e+06	50264	8156	42351	2	0.1 Stem 67 8071 0.00358998 11.5127 Compound 33766 98463 0.333104 7350.95 SuffixMorph 14183 40578 0.506954 1581.15 SubMorph 2248 23398 0.0120593 570.235
370	1	59667.2	1.239e+06	50285	8199	42308	3	0.1 Stem 59 8392 0.0306881 7.19631 Compound 34133 98521 0.329753 7957.47 SuffixMorph 13804 40557 0.486081 1622.92 SubMorph 2289 22911 0.00369819 590.162
380	1	61287.8	1.23877e+06	50860	8256	42251	1	0.1 Stem 66 8593 0.0136742 10.4425 Compound 34406 98145 0.344936 7448.77 SuffixMorph 14079 40704 0.482168 1780.85 SubMorph 2309 23435 0.00185659 627.914
390	1	62882.6	1.24115e+06	50157	8075	42432	3	0.1 Stem 74 8379 0.0384101 9.37239 Compound 34029 98377 0.296622 8703.48 SuffixMorph 13760 40472 0.480177 1682.03 SubMorph 2294 23067 0.00451779 602.683
400	1	64528.5	1.23925e+06	50436	8185	42322	2	0.1 Stem 73 8541 0.0255724 11.5251 Compound 34518 98041 0.338655 7718.73 SuffixMorph 13592 41089 0.46836 1670.28 SubMorph 2253 22858 0.0138917 568.323
410	1	66146.4	1.23975e+06	50605	8102	42405	2	0.1 Stem 87 8679 0.0152706 14.2267 Compound 34369 98193 0.337011 7734.3 SuffixMorph 13797 40626 0.490804 1637.4 SubMorph 2352 23005 0.016315 615.679
420	1	67777.7	1.23859e+06	50523	8378	42129	4	0.1 Stem 78 8607 0.0675259 10.0933 Compound 34504 97937 0.328922 8001.17 SuffixMorph 13681 41104 0.475327 1633.82 SubMorph 2260 22939 0.00978323 607.571
430	1	69377.1	1.24168e+06	50802	8130	42377	3	0.1 Stem 72 8472 0.0559915 9.3097 Compound 34544 98111 0.327077 8157.16 SuffixMorph 13804 41194 0.479172 1693.84 SubMorph 2382 22920 0.0093946 599.785
440	1	71000	1.23997e+06	50632	7976	42531	0	0.1 Stem 67 8745 0.0280628 8.50635 Compound 34586 98265 0.32246 7999.01 SuffixMorph 13650 40772 0.477461 1532.91 SubMorph 2329 22894 0.00970686 617.509
450	1	72597.7	1.24068e+06	50975	8097	42410	0	0.1 Stem 70 8708 0.0418564 8.1354 Compound 34802 98163 0.345704 7597.68 SuffixMorph 13762 41096 0.476673 1700.05 SubMorph 2341 23139 0.00124122 617.483
460	1	74168.7	1.23882e+06	50424	7977	42530	2	0.1 Stem 54 8534 0.00152015 7.94013 Compound 34486 97871 0.335461 7686.34 SuffixMorph 13606 41228 0.461498 1770.05 SubMorph 2278 22706 0.00403651 596.631
470	1	75734.1	1.2402e+06	50959	8033	42474	1	0.1 Stem 56 8765 0.0101191 6.57486 Compound 34943 98055 0.357147 7515.88 SuffixMorph 13664 41171 0.458325 1882.16 SubMorph 2296 23047 0.0206871 580.064
480	1	77281.3	1.24023e+06	50778	7901	42606	1	0.1 Stem 70 8442 0.0801569 6.60082 Compound 34584 98187 0.328334 8010.31 SuffixMorph 13761 41037 0.491388 1559.82 SubMorph 2363 23078 0.00424824 602.263
490	1	78788.5	1.23723e+06	50362	8034	42473	2	0.1 Stem 69 8343 0.0406875 8.4875 Compound 34306 98110 0.333224 7768.62 SuffixMorph 13656 40883 0.497357 1423.99 SubMorph 2331 22863 0.00421015 626.595
500	1	80316	1.23977e+06	50813	8201	42306	1	0.1 Stem 66 8482 0.00971955 10.0578 Compound 34585 97862 0.321615 8175.35 SuffixMorph 13714 41261 0.486571 1548.28 SubMorph 2448 22909 0.0131234 640.055
