# D = 1, E = 1, I = 1, P = 0, R = -1, n = 500, N = 1, P = 0, w = 1, a = 0.1, b = 1000, e = 1, f = 1, g = 10, h = 0.1, r = 1599236471, s = 1, S = 0, x = 10, m = 0, Z = 1, z = 0, T = 1, t = 1
# 529804 tokens in 50507 sentences
#
# It	Temp	Time	-logP	tables	same	changed	reject	default_pya	(parent pym pyn pya pyb)*
0	1	13.112	2.34834e+06	265758	0	50507	0	0.1 Stem 50507 50507 0.1 1000 SubMorph 215251 215251 0.1 1000
10	1	1346	1.22178e+06	21580	9045	41462	2	0.1 Stem 9865 50507 0.000273197 3469.57 SubMorph 11715 85968 0.0206855 3355.26
20	1	1777.08	1.17085e+06	18967	11682	38825	0	0.1 Stem 9874 50507 0.000282821 3392.31 SubMorph 9093 84271 0.10496 1827.73
30	1	2162.05	1.14078e+06	18365	13363	37144	2	0.1 Stem 10168 50507 0.00084719 3623.7 SubMorph 8197 83223 0.157308 1419.87
40	1	2528.5	1.12193e+06	18237	14470	36037	1	0.1 Stem 10389 50507 0.000164521 3699.52 SubMorph 7848 82715 0.188031 1124.65
50	1	2881.72	1.10956e+06	18394	15489	35018	0	0.1 Stem 10678 50507 0.000162785 3850.36 SubMorph 7716 82307 0.223059 984.299
60	1	3237.02	1.09754e+06	18447	16577	33930	0	0.1 Stem 10753 50507 0.000542813 3876.96 SubMorph 7694 81773 0.256503 843.144
70	1	3583.25	1.08673e+06	18580	17478	33029	0	0.1 Stem 10891 50507 4.88619e-06 4005.75 SubMorph 7689 81657 0.292421 716.555
80	1	3933.99	1.07848e+06	18537	18416	32091	1	0.1 Stem 11021 50507 0.000160186 4109.38 SubMorph 7516 81367 0.285822 686.255
90	1	4278.76	1.07164e+06	18545	19031	31476	0	0.1 Stem 10999 50507 0.00111541 4112.65 SubMorph 7546 81251 0.318274 617.06
100	1	4624.75	1.06798e+06	18803	19571	30936	0	0.1 Stem 11153 50507 0.00126146 4207.19 SubMorph 7650 81057 0.337732 563.959
110	1	4966.39	1.0641e+06	18509	19709	30798	2	0.1 Stem 11071 50507 2.21114e-05 4117.09 SubMorph 7438 80795 0.342149 507.414
120	1	5310.24	1.05879e+06	18732	20098	30409	0	0.1 Stem 11246 50507 0.000126122 4246.63 SubMorph 7486 80640 0.337226 585.482
130	1	5654.26	1.05601e+06	18865	20590	29917	1	0.1 Stem 11355 50507 0.000410716 4359.43 SubMorph 7510 80684 0.330144 603.552
140	1	5990.4	1.05408e+06	18718	20941	29566	0	0.1 Stem 11338 50507 0.000664971 4338.11 SubMorph 7380 80536 0.329954 555.675
150	1	6324.23	1.05176e+06	18928	21356	29151	1	0.1 Stem 11353 50507 1.42903e-05 4354.6 SubMorph 7575 80256 0.351779 498.828
160	1	6669.74	1.05153e+06	19123	21280	29227	0	0.1 Stem 11445 50507 0.000326256 4351.46 SubMorph 7678 80457 0.342314 538.151
170	1	7014.99	1.04877e+06	19087	21629	28878	0	0.1 Stem 11471 50507 0.000148464 4348.52 SubMorph 7616 80335 0.343348 562.761
180	1	7365.37	1.04792e+06	19193	21612	28895	0	0.1 Stem 11537 50507 0.000274292 4401.66 SubMorph 7656 80236 0.340191 570.483
190	1	7712.56	1.04528e+06	19201	22019	28488	1	0.1 Stem 11442 50507 0.000334535 4359.33 SubMorph 7759 79893 0.366827 498.735
200	1	8066.76	1.04435e+06	19386	22135	28372	1	0.1 Stem 11534 50507 0.00109565 4492.96 SubMorph 7852 80092 0.371151 489.803
210	1	8418.4	1.04451e+06	19250	21967	28540	1	0.1 Stem 11500 50507 0.000465286 4344.29 SubMorph 7750 80011 0.362848 515.01
220	1	8760.04	1.04145e+06	19150	22114	28393	3	0.1 Stem 11543 50507 0.000367552 4372.17 SubMorph 7607 79979 0.36706 460.672
230	1	9101.78	1.04182e+06	19471	22145	28362	1	0.1 Stem 11576 50507 0.00121571 4417.42 SubMorph 7895 79978 0.389049 426.387
240	1	9452.3	1.04047e+06	19464	22343	28164	0	0.1 Stem 11643 50507 0.000264166 4514.44 SubMorph 7821 79921 0.367372 528.273
250	1	9803	1.03931e+06	19442	22615	27892	0	0.1 Stem 11577 50507 0.00022757 4432.66 SubMorph 7865 79709 0.359178 548
260	1	10155.7	1.03672e+06	19444	22600	27907	0	0.1 Stem 11727 50507 0.000608249 4458.4 SubMorph 7717 79793 0.361311 512.242
270	1	10499.1	1.03788e+06	19400	22982	27525	0	0.1 Stem 11729 50507 0.000580055 4509.92 SubMorph 7671 79987 0.362085 505.687
280	1	10840.7	1.0377e+06	19464	22937	27570	0	0.1 Stem 11718 50507 0.000504223 4487.54 SubMorph 7746 79946 0.363195 515.329
290	1	11194.5	1.036e+06	19552	23167	27340	0	0.1 Stem 11722 50507 0.000661844 4535.15 SubMorph 7830 79806 0.379078 455.01
300	1	11548	1.03405e+06	19346	23358	27149	0	0.1 Stem 11650 50507 0.000344997 4472.82 SubMorph 7696 79576 0.36279 492.894
310	1	11897.7	1.0332e+06	19352	23384	27123	0	0.1 Stem 11699 50507 8.23741e-05 4445.77 SubMorph 7653 79794 0.375778 479.949
320	1	12247.7	1.03152e+06	19582	23382	27125	1	0.1 Stem 11826 50507 0.000601609 4532.77 SubMorph 7756 79787 0.376679 504.056
330	1	12592.6	1.03162e+06	19455	23620	26887	1	0.1 Stem 11719 50507 0.00200379 4451.01 SubMorph 7736 79613 0.387101 434.413
340	1	12943.1	1.03144e+06	19393	23757	26750	1	0.1 Stem 11750 50507 0.000555919 4513.69 SubMorph 7643 79780 0.383167 434.915
350	1	13284.1	1.0315e+06	19333	23867	26640	0	0.1 Stem 11718 50507 0.000812888 4489.45 SubMorph 7615 79743 0.386771 443.831
360	1	13631.3	1.03109e+06	19568	24040	26467	0	0.1 Stem 11759 50507 0.000486814 4420.35 SubMorph 7809 79711 0.384943 398.506
370	1	13978.4	1.03074e+06	19419	23862	26645	0	0.1 Stem 11762 50507 0.000151421 4405.53 SubMorph 7657 79694 0.36891 474.067
380	1	14323.4	1.02993e+06	19391	24322	26185	0	0.1 Stem 11736 50507 1.96408e-05 4476.33 SubMorph 7655 79657 0.371814 455.706
390	1	14665.2	1.02764e+06	19339	23996	26511	0	0.1 Stem 11674 50507 9.04457e-05 4507.43 SubMorph 7665 79573 0.395102 413.597
400	1	15015.6	1.02855e+06	19735	24186	26321	0	0.1 Stem 11792 50507 3.92649e-07 4655.31 SubMorph 7943 79579 0.39695 412.886
410	1	15372.6	1.02644e+06	19711	24647	25860	1	0.1 Stem 11765 50507 0.000279334 4504.48 SubMorph 7946 79460 0.402577 415.216
420	1	15723.8	1.02709e+06	19570	24552	25955	1	0.1 Stem 11739 50507 6.03278e-05 4560.22 SubMorph 7831 79525 0.394437 406.424
430	1	16073.5	1.02641e+06	19642	24150	26357	2	0.1 Stem 11791 50507 0.00112623 4503.71 SubMorph 7851 79522 0.400038 427.991
440	1	16426.4	1.02701e+06	19780	24052	26455	0	0.1 Stem 11905 50507 0.00142623 4657.17 SubMorph 7875 79614 0.400645 414.076
450	1	16781.5	1.02687e+06	19660	24298	26209	0	0.1 Stem 11833 50507 0.000191299 4568.12 SubMorph 7827 79552 0.382658 470.423
460	1	17122.6	1.02394e+06	19300	24717	25790	0	0.1 Stem 11776 50507 0.000174417 4531.02 SubMorph 7524 79605 0.391911 427.034
470	1	17462.3	1.02702e+06	19532	24656	25851	0	0.1 Stem 11881 50507 0.000726436 4525.67 SubMorph 7651 79716 0.379108 444.788
480	1	17804.5	1.02605e+06	19785	24726	25781	0	0.1 Stem 11913 50507 0.000210695 4578.93 SubMorph 7872 79648 0.396614 420.169
490	1	18159.9	1.02476e+06	19560	24790	25717	0	0.1 Stem 11913 50507 0.00048086 4555.99 SubMorph 7647 79594 0.380914 444.445
500	1	18508.3	1.024e+06	19665	24698	25809	1	0.1 Stem 11866 50507 5.67786e-06 4596.1 SubMorph 7799 79421 0.386796 458.34
