# D = 1, E = 1, I = 1, P = 0, R = -1, n = 500, N = 1, P = 0, w = 1, a = 0.1, b = 1000, e = 1, f = 1, g = 10, h = 0.1, r = 1599184301, s = 1, S = 0, x = 10, m = 0, Z = 1, z = 0, T = 1, t = 1
# 529804 tokens in 50507 sentences
#
# It	Temp	Time	-logP	tables	same	changed	reject	default_pya	(parent pym pyn pya pyb)*
0	1	11.98	2.08969e+06	242596	0	50507	0	0.1 Prefix 50507 50507 0.1 1000 Stem 50507 50507 0.1 1000 Suffix 50507 50507 0.1 1000 SuffixMorph 91075 91075 0.1 1000
10	1	1986.92	1.37313e+06	33518	1543	48964	1	0.1 Prefix 9380 50507 0.0849019 2612.7 Stem 7461 50507 0.00140711 2281.89 Suffix 14466 50507 0.561786 847.697 SuffixMorph 2211 20168 0.0026151 601.955
20	1	2892.54	1.34183e+06	30489	2088	48419	0	0.1 Prefix 7839 50507 0.0971284 1943.29 Stem 6871 50507 0.000447767 2023.72 Suffix 14159 50507 0.619553 491.817 SuffixMorph 1620 19902 0.00601379 389.093
30	1	3703.09	1.32526e+06	29435	2292	48215	0	0.1 Prefix 7265 50507 0.140574 1600.62 Stem 6833 50507 0.000355587 2031.98 Suffix 13964 50507 0.62837 449.599 SuffixMorph 1373 19612 0.0283406 307.093
40	1	4459.65	1.31628e+06	28588	2496	48011	0	0.1 Prefix 7100 50507 0.174989 1357.95 Stem 6774 50507 0.000188493 2001.06 Suffix 13398 50507 0.622173 386.095 SuffixMorph 1316 19008 0.019129 298.43
50	1	5198.64	1.30379e+06	27516	2737	47770	0	0.1 Prefix 6505 50507 0.197667 1118.71 Stem 6792 50507 0.00135976 1971.84 Suffix 13024 50507 0.619099 364.694 SuffixMorph 1195 18445 0.00581101 263.187
60	1	5910.86	1.2996e+06	27132	2752	47755	0	0.1 Prefix 6276 50507 0.197056 1041.46 Stem 6786 50507 7.36532e-05 2002.53 Suffix 12887 50507 0.637005 321.575 SuffixMorph 1183 18202 0.0109205 272.141
70	1	6578.03	1.29475e+06	26238	2858	47649	0	0.1 Prefix 5965 50507 0.151062 1112.45 Stem 6950 50507 0.00272216 2052.89 Suffix 12157 50507 0.626696 355.114 SuffixMorph 1166 17366 0.0435039 248.439
80	1	7224.6	1.2919e+06	26482	2812	47695	1	0.1 Prefix 6177 50507 0.188968 1033.79 Stem 6948 50507 0.00105145 2060.92 Suffix 12237 50507 0.626983 262.629 SuffixMorph 1120 17441 0.0444131 228.788
90	1	7867.09	1.2853e+06	25745	2944	47563	1	0.1 Prefix 5912 50507 0.195863 936.085 Stem 6970 50507 0.00232524 2031.85 Suffix 11779 50507 0.627185 235.418 SuffixMorph 1084 16867 0.00523785 244.78
100	1	8487.57	1.28578e+06	25547	2929	47578	0	0.1 Prefix 5715 50507 0.171887 927.109 Stem 7023 50507 0.00346537 2102.78 Suffix 11723 50507 0.626825 274.617 SuffixMorph 1086 16819 0.0442243 217.831
110	1	9105.9	1.28536e+06	25473	3024	47483	0	0.1 Prefix 5857 50507 0.17929 927.54 Stem 7047 50507 0.00241756 2137.41 Suffix 11537 50507 0.63626 223.412 SuffixMorph 1032 16673 0.0798148 183.937
120	1	9729.94	1.28295e+06	25285	2978	47529	0	0.1 Prefix 5772 50507 0.225032 797.063 Stem 7100 50507 0.000156288 2205.45 Suffix 11392 50507 0.605038 333.408 SuffixMorph 1021 16397 0.0276105 224.001
130	1	10340.2	1.28348e+06	25260	2964	47543	1	0.1 Prefix 5753 50507 0.224918 798.888 Stem 7065 50507 0.00232765 2072.7 Suffix 11396 50507 0.619501 270.136 SuffixMorph 1046 16401 0.0440374 205.072
140	1	10955.5	1.27985e+06	24989	2997	47510	0	0.1 Prefix 5639 50507 0.20351 808.391 Stem 7109 50507 0.000110729 2128.22 Suffix 11196 50507 0.620011 269.18 SuffixMorph 1045 16131 0.0848728 193.111
150	1	11545.6	1.27733e+06	25189	3010	47497	1	0.1 Prefix 5513 50507 0.236559 762.737 Stem 7236 50507 0.000284706 2180.59 Suffix 11406 50507 0.614011 267.956 SuffixMorph 1034 16322 0.0507878 207.214
160	1	12157.4	1.27683e+06	24917	3069	47438	0	0.1 Prefix 5697 50507 0.233613 764.406 Stem 7245 50507 0.0009172 2255.61 Suffix 10967 50507 0.608484 284.914 SuffixMorph 1008 15902 0.0186284 211.635
170	1	12767.9	1.27353e+06	24796	3125	47382	0	0.1 Prefix 5616 50507 0.230428 750.944 Stem 7200 50507 7.4487e-05 2211.45 Suffix 10975 50507 0.634758 197.001 SuffixMorph 1005 15962 0.0458827 197.775
180	1	13357.7	1.27378e+06	24521	3115	47392	0	0.1 Prefix 5388 50507 0.181202 846.498 Stem 7281 50507 0.00165958 2215.33 Suffix 10849 50507 0.624957 204.47 SuffixMorph 1003 15747 0.0603054 190.261
190	1	13931.3	1.27222e+06	24336	3233	47274	0	0.1 Prefix 5369 50507 0.19904 802.521 Stem 7224 50507 0.000787299 2168.2 Suffix 10735 50507 0.630062 196.102 SuffixMorph 1008 15606 0.0938153 173.358
200	1	14511.9	1.27203e+06	24050	3363	47144	1	0.1 Prefix 5224 50507 0.194319 774.016 Stem 7346 50507 0.000727736 2270.73 Suffix 10533 50507 0.618654 210.008 SuffixMorph 947 15291 0.000955138 218.85
210	1	15093.8	1.26836e+06	24202	3387	47120	0	0.1 Prefix 5446 50507 0.207769 821.336 Stem 7217 50507 0.00494572 2212.58 Suffix 10637 50507 0.631003 202.726 SuffixMorph 902 15464 0.0037174 203.266
220	1	15664.6	1.26588e+06	23920	3535	46972	0	0.1 Prefix 5102 50507 0.209002 709 Stem 7367 50507 0.00134767 2292.88 Suffix 10500 50507 0.610936 222.877 SuffixMorph 951 15179 0.0409033 205.892
230	1	16222	1.26121e+06	23494	3623	46884	0	0.1 Prefix 4946 50507 0.232421 620.123 Stem 7347 50507 0.00297485 2222.72 Suffix 10274 50507 0.618765 178.312 SuffixMorph 927 15024 0.0127516 206.907
240	1	16775	1.26056e+06	23260	3473	47034	0	0.1 Prefix 5151 50507 0.247603 639.965 Stem 7351 50507 0.000494155 2286.35 Suffix 9850 50507 0.598354 244.756 SuffixMorph 908 14476 0.0302375 192.102
250	1	17339	1.26174e+06	23582	3297	47210	0	0.1 Prefix 5066 50507 0.219073 679.818 Stem 7342 50507 0.00109012 2212.16 Suffix 10296 50507 0.625774 172.412 SuffixMorph 878 14878 0.023272 197.087
260	1	17887	1.26212e+06	23638	3245	47262	1	0.1 Prefix 4984 50507 0.248656 571.858 Stem 7478 50507 0.00298532 2303.09 Suffix 10256 50507 0.615404 218.537 SuffixMorph 920 14791 0.0195104 194.353
270	1	18443	1.26088e+06	23184	3422	47085	0	0.1 Prefix 4942 50507 0.207464 695.349 Stem 7464 50507 0.00126261 2314.78 Suffix 9848 50507 0.606808 200.492 SuffixMorph 930 14284 0.0750371 181.796
280	1	19011.5	1.2612e+06	23545	3386	47121	0	0.1 Prefix 5320 50507 0.244525 671.034 Stem 7392 50507 2.55287e-05 2217.23 Suffix 9940 50507 0.612331 198.947 SuffixMorph 893 14359 0.0516153 177.183
290	1	19584.8	1.25968e+06	23693	3324	47183	0	0.1 Prefix 5235 50507 0.260827 589.952 Stem 7529 50507 0.000969651 2292.27 Suffix 10031 50507 0.605819 195.567 SuffixMorph 898 14486 0.0875678 152.28
300	1	20161.3	1.26125e+06	23428	3288	47219	0	0.1 Prefix 5397 50507 0.281533 572.101 Stem 7471 50507 0.00181322 2301.3 Suffix 9690 50507 0.59256 224.572 SuffixMorph 870 14064 0.0169694 181.538
310	1	20737.2	1.26158e+06	23227	3251	47256	0	0.1 Prefix 5156 50507 0.271678 560.978 Stem 7564 50507 0.000224511 2374.63 Suffix 9630 50507 0.59346 177.759 SuffixMorph 877 13904 0.0492289 176.579
320	1	21306.2	1.25982e+06	23541	3273	47234	0	0.1 Prefix 5291 50507 0.249629 622.639 Stem 7528 50507 0.000116755 2301.29 Suffix 9831 50507 0.607639 205.809 SuffixMorph 891 14252 0.0583017 177.462
330	1	21864.9	1.26072e+06	23110	3313	47194	0	0.1 Prefix 5020 50507 0.23534 652.327 Stem 7470 50507 0.000357307 2340.02 Suffix 9744 50507 0.598026 219.749 SuffixMorph 876 14297 0.0331022 186.229
340	1	22417.1	1.25852e+06	23276	3342	47165	0	0.1 Prefix 5123 50507 0.243884 623.532 Stem 7491 50507 1.01483e-05 2383.69 Suffix 9772 50507 0.612916 194.943 SuffixMorph 890 14092 0.063532 161.835
350	1	22969.2	1.25742e+06	22685	3376	47131	0	0.1 Prefix 4905 50507 0.22963 650.27 Stem 7478 50507 0.000303444 2325.67 Suffix 9438 50507 0.61001 196.355 SuffixMorph 864 13912 0.106778 126.797
360	1	23510.1	1.2593e+06	22997	3365	47142	0	0.1 Prefix 4893 50507 0.226881 636.491 Stem 7615 50507 0.00180269 2321.84 Suffix 9649 50507 0.608799 183.411 SuffixMorph 840 14022 0.0199906 190.878
370	1	24058.1	1.25708e+06	23023	3332	47175	0	0.1 Prefix 5079 50507 0.24944 598.301 Stem 7610 50507 0.000150289 2405.75 Suffix 9473 50507 0.606801 218.534 SuffixMorph 861 13795 0.0882342 136.983
380	1	24622.5	1.25804e+06	22931	3298	47209	0	0.1 Prefix 5169 50507 0.250733 626.489 Stem 7602 50507 0.000647518 2357.59 Suffix 9277 50507 0.59344 207.896 SuffixMorph 883 13556 0.0505392 193.232
390	1	25186.7	1.25674e+06	23029	3406	47101	1	0.1 Prefix 5255 50507 0.282417 548.708 Stem 7544 50507 0.000400333 2314.83 Suffix 9382 50507 0.599518 233.83 SuffixMorph 848 13751 0.0351799 152.217
400	1	25732.2	1.25716e+06	23052	3299	47208	0	0.1 Prefix 5245 50507 0.258211 611.61 Stem 7511 50507 0.00161551 2303.15 Suffix 9458 50507 0.606289 173.481 SuffixMorph 838 13880 0.0550687 167.027
410	1	26276.7	1.25924e+06	22739	3291	47216	0	0.1 Prefix 5114 50507 0.256101 599.461 Stem 7654 50507 0.000671059 2339.44 Suffix 9139 50507 0.596911 204.775 SuffixMorph 832 13439 0.0325848 171.87
420	1	26833.6	1.2569e+06	22784	3430	47077	0	0.1 Prefix 5255 50507 0.239807 662.693 Stem 7663 50507 0.00173482 2366.88 Suffix 9072 50507 0.602184 203.238 SuffixMorph 794 13395 0.000577777 173.082
430	1	27401.5	1.25826e+06	23114	3375	47132	0	0.1 Prefix 5311 50507 0.247137 619.983 Stem 7601 50507 0.00197138 2369.12 Suffix 9401 50507 0.620349 132.778 SuffixMorph 801 13710 0.0581572 150.662
440	1	27966.3	1.25639e+06	22889	3565	46942	0	0.1 Prefix 5152 50507 0.244532 637.332 Stem 7617 50507 0.000760011 2371.65 Suffix 9330 50507 0.609142 179.615 SuffixMorph 790 13584 0.13123 128.777
450	1	28526.5	1.25465e+06	22894	3284	47223	0	0.1 Prefix 4980 50507 0.243086 608.177 Stem 7664 50507 0.00169154 2372.44 Suffix 9454 50507 0.596831 197.351 SuffixMorph 796 13712 0.0311142 171.278
460	1	29087.1	1.25443e+06	22791	3364	47143	0	0.1 Prefix 5164 50507 0.285783 486.479 Stem 7644 50507 0.00104217 2353.87 Suffix 9182 50507 0.601042 188.451 SuffixMorph 801 13313 0.0842995 131.066
470	1	29637.6	1.25412e+06	22437	3428	47079	1	0.1 Prefix 4857 50507 0.259902 549.671 Stem 7745 50507 0.00127941 2408.84 Suffix 9064 50507 0.588784 185.687 SuffixMorph 771 13446 0.0312798 149.275
480	1	30180.3	1.25383e+06	22617	3432	47075	0	0.1 Prefix 4958 50507 0.237516 581.486 Stem 7672 50507 0.0002734 2365.76 Suffix 9234 50507 0.613662 154.894 SuffixMorph 753 13480 0.0712133 138.699
490	1	30730.7	1.2544e+06	22528	3331	47176	0	0.1 Prefix 4947 50507 0.271557 500.393 Stem 7613 50507 0.000100811 2385.77 Suffix 9207 50507 0.596172 197.064 SuffixMorph 761 13592 0.0407413 151.292
500	1	31280.9	1.2539e+06	22735	3262	47245	1	0.1 Prefix 4981 50507 0.251201 600.908 Stem 7728 50507 0.0017903 2381.97 Suffix 9229 50507 0.603297 141.155 SuffixMorph 797 13399 0.0686406 150.365
