# D = 1, E = 1, I = 1, P = 0, R = -1, n = 500, N = 1, P = 0, w = 1, a = 0.1, b = 1000, e = 1, f = 1, g = 10, h = 0.1, r = 1600228281, s = 1, S = 0, x = 10, m = 0, Z = 1, z = 0, T = 1, t = 1
# 529804 tokens in 50507 sentences
#
# It	Temp	Time	-logP	tables	same	changed	reject	default_pya	(parent pym pyn pya pyb)*
0	1	6.08411	1.84747e+06	127394	0	50507	0	0.1 SubMorph 127394 127394 0.1 1000
10	1	332.624	1.29807e+06	12325	12930	37577	3	0.1 SubMorph 12325 100475 0.000322779 3415.89
20	1	484.142	1.26882e+06	10699	14926	35581	0	0.1 SubMorph 10699 101403 0.00067662 2921.32
30	1	656.803	1.25016e+06	10269	16245	34262	0	0.1 SubMorph 10269 101912 0.000350226 2768.1
40	1	773.807	1.2387e+06	10110	17244	33263	1	0.1 SubMorph 10110 102492 0.000358169 2669.22
50	1	898.795	1.2282e+06	9944	18274	32233	1	0.1 SubMorph 9944 101886 0.00087925 2627.91
60	1	1040.68	1.21784e+06	9833	19080	31427	3	0.1 SubMorph 9833 100505 5.98197e-05 2620.13
70	1	1148.47	1.20985e+06	9944	20116	30391	1	0.1 SubMorph 9944 99801 0.000669415 2666.9
80	1	1260.97	1.20624e+06	10015	20639	29868	0	0.1 SubMorph 10015 99602 0.00193486 2610.46
90	1	1393.11	1.1989e+06	10009	21463	29044	0	0.1 SubMorph 10009 98794 0.000178029 2692.91
100	1	1516.28	1.19579e+06	10029	21768	28739	1	0.1 SubMorph 10029 98940 0.000278053 2672.19
110	1	1621.79	1.19254e+06	9976	21893	28614	2	0.1 SubMorph 9976 98444 0.000380866 2631.1
120	1	1725.81	1.18898e+06	9975	22655	27852	1	0.1 SubMorph 9975 98025 0.000941562 2638.52
130	1	1832.53	1.18904e+06	10099	22842	27665	2	0.1 SubMorph 10099 98141 0.000150787 2777.63
140	1	1941.82	1.18495e+06	10058	22865	27642	1	0.1 SubMorph 10058 97637 0.000210208 2701.11
150	1	2046.09	1.18471e+06	10046	23078	27429	2	0.1 SubMorph 10046 97755 0.00182358 2732.29
160	1	2151.18	1.18079e+06	10191	23513	26994	1	0.1 SubMorph 10191 97200 0.00188917 2723.71
170	1	2259.19	1.17668e+06	10184	23963	26544	0	0.1 SubMorph 10184 96703 0.00426404 2740.26
180	1	2365.77	1.17307e+06	10137	24401	26106	1	0.1 SubMorph 10137 96194 0.000383007 2713.43
190	1	2486.85	1.17187e+06	10318	24713	25794	2	0.1 SubMorph 10318 95790 3.16824e-05 2846.23
200	1	2593.1	1.17153e+06	10267	24816	25691	0	0.1 SubMorph 10267 96220 0.00120982 2768.26
210	1	2698.59	1.1706e+06	10247	24709	25798	0	0.1 SubMorph 10247 96167 0.00564024 2789.93
220	1	2839.99	1.16926e+06	10272	24692	25815	0	0.1 SubMorph 10272 96159 0.000449176 2804.17
230	1	2979.16	1.16694e+06	10229	25172	25335	1	0.1 SubMorph 10229 95779 0.00480221 2745.36
240	1	3090.13	1.16485e+06	10338	25198	25309	0	0.1 SubMorph 10338 95522 0.000306216 2846.6
250	1	3195.9	1.16337e+06	10368	25278	25229	0	0.1 SubMorph 10368 94989 0.00107591 2844.54
260	1	3303.48	1.16098e+06	10335	25803	24704	0	0.1 SubMorph 10335 94373 0.00126713 2828.78
270	1	3411.17	1.16186e+06	10460	25574	24933	1	0.1 SubMorph 10460 94697 0.00249895 2901.03
280	1	3541.88	1.15753e+06	10316	25875	24632	0	0.1 SubMorph 10316 94103 0.00312099 2867.76
290	1	3649.79	1.15384e+06	10383	26080	24427	0	0.1 SubMorph 10383 93208 0.00104825 2784.52
300	1	3779.97	1.15353e+06	10409	26352	24155	0	0.1 SubMorph 10409 93348 0.00158728 2925.7
310	1	3909.63	1.15091e+06	10388	26564	23943	1	0.1 SubMorph 10388 92664 0.000147726 2902.86
320	1	4040.43	1.15019e+06	10543	26749	23758	2	0.1 SubMorph 10543 92673 0.000317779 2927.79
330	1	4149.4	1.15251e+06	10527	26502	24005	0	0.1 SubMorph 10527 92886 0.00014349 3005.89
340	1	4275.34	1.14907e+06	10412	26965	23542	0	0.1 SubMorph 10412 92079 0.00243885 2869.44
350	1	4385.64	1.1486e+06	10476	26975	23532	0	0.1 SubMorph 10476 91976 0.00123987 2874.04
360	1	4503.94	1.14919e+06	10428	26846	23661	0	0.1 SubMorph 10428 92339 0.000771747 2891.79
370	1	4626.58	1.14729e+06	10523	27027	23480	1	0.1 SubMorph 10523 92144 0.00268751 2918.25
380	1	4757.75	1.14687e+06	10443	27035	23472	0	0.1 SubMorph 10443 91779 0.000671041 2902.68
390	1	4881.03	1.14376e+06	10579	27508	22999	1	0.1 SubMorph 10579 91431 2.22674e-06 2934.38
400	1	4988.48	1.14421e+06	10500	27623	22884	1	0.1 SubMorph 10500 91369 0.000803288 2915.04
410	1	5131.72	1.14611e+06	10601	27437	23070	0	0.1 SubMorph 10601 91554 0.00305376 2914.11
420	1	5269.67	1.14657e+06	10506	26938	23569	0	0.1 SubMorph 10506 92040 0.00553893 2867.3
430	1	5373.66	1.14757e+06	10532	26811	23696	2	0.1 SubMorph 10532 92162 0.0020002 2905.36
440	1	5478.07	1.14847e+06	10603	26963	23544	2	0.1 SubMorph 10603 92352 0.0039791 2981.32
450	1	5584.39	1.14605e+06	10598	27217	23290	0	0.1 SubMorph 10598 91758 0.000257487 2956.64
460	1	5742.71	1.14778e+06	10684	26636	23871	1	0.1 SubMorph 10684 92184 8.11369e-05 3004.5
470	1	5916.04	1.1461e+06	10610	26920	23587	1	0.1 SubMorph 10610 92088 0.00155815 2945.29
480	1	6049.34	1.14509e+06	10690	27208	23299	1	0.1 SubMorph 10690 91954 0.000727002 3018.81
490	1	6155.81	1.1467e+06	10733	26863	23644	4	0.1 SubMorph 10733 92145 6.48227e-05 2994.23
500	1	6270.17	1.14374e+06	10643	26990	23517	1	0.1 SubMorph 10643 91671 0.00203345 3027.02
