# D = 1, E = 1, I = 1, P = 0, R = -1, n = 500, N = 1, P = 0, w = 1, a = 0.1, b = 1000, e = 1, f = 1, g = 10, h = 0.1, r = 1582934621, s = 1, S = 0, x = 10, m = 0, Z = 1, z = 0, T = 1, t = 1
# 529804 tokens in 50507 sentences
#
# It	Temp	Time	-logP	tables	same	changed	reject	default_pya	(parent pym pyn pya pyb)*
0	1	10.376	2.0794e+06	283876	0	50507	0	0.1 Prefix 50507 50507 0.1 1000 Suffix 50507 50507 0.1 1000 Stem 50507 50507 0.1 1000 SubMorph 132355 132355 0.1 1000
10	1	2171.36	1.39636e+06	38604	662	49845	1	0.1 Prefix 10784 50507 0.221732 2140.92 Suffix 8605 50507 0.267977 1324.62 Stem 13838 50507 0.000184225 5845.77 SubMorph 5377 29842 0.00305479 1848.29
20	1	3660.02	1.37231e+06	35073	775	49732	1	0.1 Prefix 9909 50507 0.323312 1339.47 Suffix 7048 50507 0.290548 841.425 Stem 13489 50507 0.0397237 5208.3 SubMorph 4627 29622 0.0015163 1479.13
30	1	5023.42	1.35837e+06	33592	858	49649	2	0.1 Prefix 9768 50507 0.384159 1015.73 Suffix 6066 50507 0.297518 679.4 Stem 13406 50507 0.0310272 5171.02 SubMorph 4352 29698 0.00344696 1319.03
40	1	6306.18	1.34507e+06	31893	920	49587	2	0.1 Prefix 9070 50507 0.394687 805.007 Suffix 5248 50507 0.260411 597.875 Stem 13378 50507 0.0504983 5058.53 SubMorph 4197 29565 0.00844207 1229.75
50	1	7478.43	1.33726e+06	31298	978	49529	0	0.1 Prefix 9031 50507 0.417789 719.35 Suffix 4766 50507 0.262101 513.934 Stem 13360 50507 0.0237978 5359.92 SubMorph 4141 29560 0.00108042 1223.35
60	1	8620.99	1.32997e+06	30673	988	49519	0	0.1 Prefix 8714 50507 0.416062 694.871 Suffix 4265 50507 0.26446 411.985 Stem 13474 50507 0.0367999 5299.43 SubMorph 4220 29705 0.00149501 1270.85
70	1	9704.12	1.32884e+06	29861	971	49536	1	0.1 Prefix 8307 50507 0.394622 692.864 Suffix 3817 50507 0.210624 479.407 Stem 13562 50507 0.0392939 5340.98 SubMorph 4175 29765 0.00601944 1256.28
80	1	10748.7	1.32133e+06	29216	1088	49419	0	0.1 Prefix 7904 50507 0.436525 511.608 Suffix 3546 50507 0.210941 412.316 Stem 13617 50507 0.0450939 5304.18 SubMorph 4149 30020 0.00190176 1232.06
90	1	11745.5	1.31547e+06	28249	1079	49428	3	0.1 Prefix 7051 50507 0.400409 544.854 Suffix 3435 50507 0.214962 375.527 Stem 13601 50507 0.0486489 5238.73 SubMorph 4162 29706 0.0014134 1241.63
100	1	12689.3	1.31102e+06	28039	1072	49435	0	0.1 Prefix 7148 50507 0.404957 489.647 Suffix 3323 50507 0.233803 328.929 Stem 13474 50507 0.0235549 5371.06 SubMorph 4094 29735 0.00504546 1199.38
110	1	13629.1	1.30455e+06	27643	1126	49381	0	0.1 Prefix 6943 50507 0.425575 373.806 Suffix 3048 50507 0.209889 331.014 Stem 13539 50507 0.0422553 5143.44 SubMorph 4113 29925 0.00616494 1219.55
120	1	14525.7	1.30005e+06	27513	1079	49428	1	0.1 Prefix 6821 50507 0.450684 360.672 Suffix 2906 50507 0.232167 271.071 Stem 13569 50507 0.0263675 5383.79 SubMorph 4217 29929 0.000985759 1282.02
130	1	15422.4	1.29743e+06	27421	1080	49427	3	0.1 Prefix 6705 50507 0.437055 367.901 Suffix 2866 50507 0.259136 225.946 Stem 13650 50507 0.029112 5384.22 SubMorph 4200 29841 0.0103289 1255.1
140	1	16309	1.2914e+06	27253	1189	49318	1	0.1 Prefix 7006 50507 0.47136 304.366 Suffix 2605 50507 0.189245 290.917 Stem 13476 50507 0.0254909 5300.84 SubMorph 4166 29873 0.00163427 1279.06
150	1	17192.8	1.29568e+06	26966	1118	49389	1	0.1 Prefix 6459 50507 0.427882 351.074 Suffix 2699 50507 0.221504 258.5 Stem 13667 50507 0.00603928 5622.81 SubMorph 4141 30157 0.00308083 1257.16
160	1	18059.3	1.29377e+06	26994	1172	49335	0	0.1 Prefix 6260 50507 0.412987 359.342 Suffix 2799 50507 0.252033 235.551 Stem 13701 50507 0.0540969 5109.43 SubMorph 4234 30085 0.00639138 1274.85
170	1	18913.4	1.2877e+06	26995	1221	49286	0	0.1 Prefix 6303 50507 0.470433 236.177 Suffix 2685 50507 0.226173 251.581 Stem 13710 50507 0.0332266 5438.15 SubMorph 4297 30184 0.000667969 1274.22
180	1	19748.4	1.28695e+06	26678	1321	49186	4	0.1 Prefix 6136 50507 0.458836 267.297 Suffix 2609 50507 0.217178 250.528 Stem 13776 50507 0.0714728 5040.45 SubMorph 4157 30276 0.000435715 1289.32
190	1	20579.4	1.28232e+06	26941	1310	49197	3	0.1 Prefix 6369 50507 0.463921 256.585 Suffix 2655 50507 0.242085 237.558 Stem 13693 50507 0.0594607 5080.85 SubMorph 4224 30303 0.00371698 1331.22
200	1	21411.2	1.282e+06	26361	1267	49240	1	0.1 Prefix 5981 50507 0.448418 260.266 Suffix 2516 50507 0.238368 218.187 Stem 13704 50507 0.0535182 5071.65 SubMorph 4160 30094 0.00359536 1220.5
210	1	22227.9	1.28294e+06	26444	1249	49258	0	0.1 Prefix 5911 50507 0.43235 291.983 Suffix 2551 50507 0.243264 222.427 Stem 13828 50507 0.0383738 5364.16 SubMorph 4154 30402 0.00942388 1222.82
220	1	23013.4	1.28284e+06	25766	1257	49250	0	0.1 Prefix 5339 50507 0.392829 297.68 Suffix 2526 50507 0.232663 219.809 Stem 13846 50507 0.0442702 5294.79 SubMorph 4055 30459 0.00499502 1201.3
230	1	23769.9	1.28471e+06	25724	1296	49211	1	0.1 Prefix 5359 50507 0.416186 267.605 Suffix 2438 50507 0.201096 250.297 Stem 13794 50507 0.0488964 5214.59 SubMorph 4133 30354 0.00054847 1232.3
240	1	24540.5	1.28328e+06	26396	1259	49248	1	0.1 Prefix 5625 50507 0.416356 311.493 Suffix 2532 50507 0.246733 213.083 Stem 13893 50507 0.0456861 5398.69 SubMorph 4346 30337 0.00169148 1330.65
250	1	25335.5	1.28356e+06	26500	1285	49222	1	0.1 Prefix 5990 50507 0.43441 329.153 Suffix 2489 50507 0.189437 269.048 Stem 13793 50507 0.029153 5512.58 SubMorph 4228 30281 0.00169903 1289.56
260	1	26131.5	1.27949e+06	26207	1287	49220	1	0.1 Prefix 5696 50507 0.423444 296.453 Suffix 2467 50507 0.238208 204.412 Stem 13890 50507 0.0450544 5422.42 SubMorph 4154 30474 0.00759255 1230.39
270	1	26906.3	1.27949e+06	26019	1260	49247	1	0.1 Prefix 5605 50507 0.439006 221.463 Suffix 2465 50507 0.235958 215.789 Stem 13827 50507 0.0237815 5577 SubMorph 4122 30380 0.00317651 1213.84
280	1	27671.9	1.27631e+06	26246	1315	49192	0	0.1 Prefix 5791 50507 0.445823 238.182 Suffix 2404 50507 0.245406 198.025 Stem 13983 50507 0.0367516 5498.6 SubMorph 4068 30635 0.0015949 1172.95
290	1	28446.5	1.2794e+06	26415	1228	49279	1	0.1 Prefix 5811 50507 0.445937 247.006 Suffix 2453 50507 0.223832 247.088 Stem 14005 50507 0.0584952 5270.69 SubMorph 4146 30732 0.0124473 1157.17
300	1	29227.7	1.28034e+06	26211	1272	49235	1	0.1 Prefix 5643 50507 0.421972 286.054 Suffix 2529 50507 0.244599 216.318 Stem 13868 50507 0.0423701 5362.05 SubMorph 4171 30502 0.0057116 1278.92
310	1	29968.5	1.28068e+06	26342	1243	49264	2	0.1 Prefix 5655 50507 0.435857 268.915 Suffix 2497 50507 0.236389 220.978 Stem 13988 50507 0.0265735 5535.61 SubMorph 4202 30672 0.0166569 1241.59
320	1	30692.2	1.28066e+06	25992	1190	49317	2	0.1 Prefix 5389 50507 0.426988 244.347 Suffix 2559 50507 0.239271 202.893 Stem 13837 50507 0.0192596 5680.7 SubMorph 4207 30632 0.00178964 1306.59
330	1	31399.1	1.27702e+06	25929	1273	49234	2	0.1 Prefix 5335 50507 0.448603 220.776 Suffix 2353 50507 0.24183 200.542 Stem 13985 50507 0.0275942 5657.21 SubMorph 4256 30738 0.0114888 1211.85
340	1	32107.5	1.27879e+06	25925	1225	49282	0	0.1 Prefix 5311 50507 0.44878 213.18 Suffix 2445 50507 0.224213 244.712 Stem 13978 50507 0.0479674 5421.67 SubMorph 4191 30893 0.000121977 1253.57
350	1	32784	1.27731e+06	26138	1282	49225	0	0.1 Prefix 5461 50507 0.442315 229.824 Suffix 2436 50507 0.232601 207.502 Stem 13997 50507 0.0751569 5039.6 SubMorph 4244 30772 0.00269339 1292.1
360	1	33465.9	1.27749e+06	26116	1273	49234	1	0.1 Prefix 5462 50507 0.428572 265.615 Suffix 2359 50507 0.217887 210.273 Stem 13973 50507 0.0428485 5519.26 SubMorph 4322 30643 0.00651294 1315.04
370	1	34138.4	1.27548e+06	26077	1338	49169	0	0.1 Prefix 5441 50507 0.434404 269.17 Suffix 2476 50507 0.293073 162.625 Stem 13978 50507 0.0431071 5457.79 SubMorph 4182 30726 0.00182169 1226.83
380	1	34815.8	1.27642e+06	26169	1260	49247	1	0.1 Prefix 5601 50507 0.419305 275.764 Suffix 2415 50507 0.235116 214.759 Stem 13983 50507 0.0376863 5434.24 SubMorph 4170 30742 0.000549881 1219.45
390	1	35481.5	1.27473e+06	26260	1374	49133	1	0.1 Prefix 5542 50507 0.436132 220.851 Suffix 2354 50507 0.230205 204.535 Stem 14115 50507 0.0583276 5417.4 SubMorph 4249 30908 0.0016879 1283.94
400	1	36130.9	1.27135e+06	25999	1360	49147	0	0.1 Prefix 5383 50507 0.439098 225.091 Suffix 2362 50507 0.259184 185.236 Stem 14033 50507 0.0165792 5760.14 SubMorph 4221 30969 0.00182969 1264.92
410	1	36788.5	1.2663e+06	26017	1406	49101	2	0.1 Prefix 5503 50507 0.472332 195.8 Suffix 2216 50507 0.246299 159.734 Stem 14074 50507 0.0321203 5702.09 SubMorph 4224 30940 0.00272373 1289.76
420	1	37425.6	1.27156e+06	25902	1288	49219	1	0.1 Prefix 5255 50507 0.454185 179.332 Suffix 2252 50507 0.244028 172.802 Stem 14087 50507 0.0431656 5597.89 SubMorph 4308 30875 0.00275464 1337.75
430	1	38039.4	1.27165e+06	25598	1342	49165	1	0.1 Prefix 4910 50507 0.431053 184.316 Suffix 2351 50507 0.229061 206.402 Stem 13965 50507 0.0108687 5686.26 SubMorph 4372 30706 0.0126409 1274.47
440	1	38631.7	1.26931e+06	25893	1369	49138	4	0.1 Prefix 5167 50507 0.46199 195.045 Suffix 2329 50507 0.245885 175.064 Stem 14070 50507 0.039544 5581.72 SubMorph 4327 30796 0.000504926 1317.12
450	1	39231	1.26278e+06	25796	1332	49175	2	0.1 Prefix 5045 50507 0.46921 161.789 Suffix 2337 50507 0.300154 145.731 Stem 14089 50507 0.0329515 5642.3 SubMorph 4325 30936 0.00613212 1311.02
460	1	39829.5	1.25926e+06	25207	1453	49054	0	0.1 Prefix 4679 50507 0.451372 187.716 Suffix 2159 50507 0.235029 180.46 Stem 14084 50507 0.0447904 5608.17 SubMorph 4285 30829 0.00344314 1311.55
470	1	40393.2	1.26236e+06	25216	1408	49099	2	0.1 Prefix 4470 50507 0.417355 205.473 Suffix 2299 50507 0.253881 181.107 Stem 14096 50507 0.0220406 5813.89 SubMorph 4351 30944 0.00123303 1302.88
480	1	40946.4	1.25956e+06	25167	1438	49069	1	0.1 Prefix 4506 50507 0.433482 170.891 Suffix 2137 50507 0.253079 165.538 Stem 14214 50507 0.031845 5802.32 SubMorph 4310 31049 0.0126439 1250.73
490	1	41534.5	1.25953e+06	24997	1410	49097	0	0.1 Prefix 4391 50507 0.414643 198.607 Suffix 2051 50507 0.219516 181.552 Stem 14208 50507 0.0551868 5450.82 SubMorph 4347 30996 3.75014e-06 1335.28
500	1	42086.3	1.25746e+06	24969	1424	49083	0	0.1 Prefix 4305 50507 0.41028 186.814 Suffix 2085 50507 0.253755 146.991 Stem 14275 50507 0.0491474 5530.24 SubMorph 4304 31130 0.00727267 1281.18
