# D = 1, E = 1, I = 1, P = 0, R = -1, n = 400, N = 1, P = 0, w = 1, a = 0.1, b = 1000, e = 1, f = 1, g = 10, h = 0.1, r = 1599184314, s = 1, S = 0, x = 10, m = 0, Z = 1, z = 0, T = 1, t = 1
# 529804 tokens in 50507 sentences
#
# It	Temp	Time	-logP	tables	same	changed	reject	default_pya	(parent pym pyn pya pyb)*
0	1	28.716	2.28016e+06	356456	0	50507	0	0.1 Compound 72608 72608 0.1 1000 Stem 72608 72608 0.1 1000 StemPrefixes 72608 72608 0.1 1000 SubMorph 138632 138632 0.1 1000
10	1	2001.49	1.00779e+06	74439	30327	20180	1	0.1 Compound 49179 62415 0.938127 86.6262 Stem 5322 16481 0.201541 1646.07 StemPrefixes 16481 49179 0.0937811 6723.52 SubMorph 3457 26307 0.0941273 782.982
20	1	4192.98	975218	75232	34094	16413	3	0.1 Compound 50106 57721 0.972787 0.019968 Stem 4973 16789 0.188054 1471.69 StemPrefixes 16789 50106 0.0815736 6814.97 SubMorph 3364 29368 0.150547 624.149
30	1	6020.63	963679	75711	35150	15357	0	0.1 Compound 50728 55549 0.983218 1.51806e-08 Stem 4548 17004 0.0226356 1801.16 StemPrefixes 17004 50728 0.0724437 7222.01 SubMorph 3431 31006 0.140116 632.911
40	1	14085.5	958508	75888	35411	15096	1	0.1 Compound 50846 54592 0.987744 3.58053e-15 Stem 4452 17066 0.00377338 1889.15 StemPrefixes 17066 50846 0.062226 7378.99 SubMorph 3524 32032 0.181567 561.453
50	1	20281.4	955630	76291	35769	14738	1	0.1 Compound 51051 53787 0.992686 0.000161052 Stem 4499 17144 0.00743942 1879.01 StemPrefixes 17144 51051 0.0806761 7241.21 SubMorph 3597 32800 0.201891 513.575
60	1	27452.9	949820	76483	36118	14389	0	0.1 Compound 51051 53328 0.994012 0.00146096 Stem 4467 17178 0.0217353 1734.62 StemPrefixes 17178 51051 0.093047 6941.12 SubMorph 3787 32968 0.229499 531.465
70	1	32386.9	946783	76565	36559	13948	0	0.1 Compound 51045 53101 0.99438 0.00115928 Stem 4484 17346 0.000443574 1813.46 StemPrefixes 17346 51045 0.093463 7094.52 SubMorph 3690 33239 0.191148 543.714
80	1	39227.7	944299	76846	36799	13708	1	0.1 Compound 51028 52882 0.994858 1.46146 Stem 4526 17368 0.0035064 1786.78 StemPrefixes 17368 51028 0.107334 6928.41 SubMorph 3924 33170 0.217955 613.423
90	1	43077	942718	76867	36833	13674	1	0.1 Compound 51043 52788 0.995129 0.0212908 Stem 4398 17436 0.0167911 1706.12 StemPrefixes 17436 51043 0.112537 6856.72 SubMorph 3990 32990 0.230293 553.937
100	1	53879.2	943099	76993	36581	13926	0	0.1 Compound 51072 52714 0.996524 2.40913 Stem 4413 17432 0.00888054 1706.05 StemPrefixes 17432 51072 0.0935306 7044.58 SubMorph 4076 33373 0.234886 569.331
110	1	61587.2	941954	77030	36837	13670	0	0.1 Compound 51062 52586 0.9966 0.0947391 Stem 4557 17483 0.0258821 1780.95 StemPrefixes 17483 51062 0.125446 6631.46 SubMorph 3928 33567 0.222208 611.456
120	1	74437.5	939055	77110	36960	13547	0	0.1 Compound 51051 52495 0.99649 1.36927 Stem 4576 17485 0.0150697 1839.87 StemPrefixes 17485 51051 0.118225 6850.45 SubMorph 3998 33557 0.260067 489.061
130	1	82867.8	939974	77441	37194	13313	0	0.1 Compound 51072 52455 0.997486 1.53724e-05 Stem 4600 17564 0.00912659 1888.2 StemPrefixes 17564 51072 0.120475 6795.56 SubMorph 4205 33803 0.250914 578.481
140	1	95055.2	937686	77281	37166	13341	1	0.1 Compound 51062 52458 0.997302 0.508695 Stem 4535 17428 0.0153519 1815.78 StemPrefixes 17428 51062 0.122013 6687.69 SubMorph 4256 33692 0.25856 562.798
150	1	114116	935735	77317	37118	13389	3	0.1 Compound 51059 52425 0.997508 15.377 Stem 4574 17518 0.00790807 1863.62 StemPrefixes 17518 51059 0.111152 6995.42 SubMorph 4166 33611 0.263112 517.918
160	1	129481	935963	77255	37468	13039	1	0.1 Compound 51027 52350 0.997375 0.0154943 Stem 4452 17546 0.00925963 1748.82 StemPrefixes 17546 51027 0.129341 6697.31 SubMorph 4230 33797 0.27665 499.752
170	1	140736	936908	77220	37555	12952	1	0.1 Compound 51004 52310 0.997436 0.097551 Stem 4429 17612 5.98875e-05 1753.25 StemPrefixes 17612 51004 0.129345 6730.49 SubMorph 4175 33962 0.221601 633.401
180	1	156411	934496	77285	37551	12956	1	0.1 Compound 51050 52304 0.997378 1.60434e-07 Stem 4393 17594 0.00556405 1728.88 StemPrefixes 17594 51050 0.132114 6733.1 SubMorph 4248 33912 0.239447 567.126
190	1	163898	934909	77615	37617	12890	1	0.1 Compound 51025 52264 0.99777 1.06628 Stem 4518 17672 0.00216941 1794.87 StemPrefixes 17672 51025 0.125003 6905.92 SubMorph 4400 33905 0.261047 582.594
200	1	193784	934382	77836	37539	12968	0	0.1 Compound 51042 52270 0.997757 0.00160322 Stem 4616 17663 0.0292248 1824.57 StemPrefixes 17663 51042 0.131288 6843.66 SubMorph 4515 33850 0.26898 590.642
210	1	213890	936327	77604	37413	13094	2	0.1 Compound 51027 52239 0.99789 0.000624607 Stem 4559 17692 0.00113555 1862.01 StemPrefixes 17692 51027 0.116161 6979.05 SubMorph 4326 34228 0.241549 613.493
220	1	243337	931874	77438	37614	12893	0	0.1 Compound 51006 52181 0.997975 0.275127 Stem 4450 17633 0.0281458 1697.57 StemPrefixes 17633 51006 0.140006 6623.27 SubMorph 4349 33847 0.293529 526.092
230	1	265384	933029	77480	37651	12856	1	0.1 Compound 50989 52142 0.998138 7.48979 Stem 4474 17672 0.000904366 1797.39 StemPrefixes 17672 50989 0.12166 6913.73 SubMorph 4345 34000 0.260622 564.648
240	1	293060	934170	77489	37151	13356	2	0.1 Compound 51006 52154 0.997881 0.00754597 Stem 4487 17742 0.00369435 1810.84 StemPrefixes 17742 51006 0.142096 6587.18 SubMorph 4254 34118 0.232662 595.47
250	1	328563	933052	77645	37566	12941	2	0.1 Compound 51017 52149 0.998184 0.160404 Stem 4601 17639 0.0147647 1825.7 StemPrefixes 17639 51017 0.123525 6909.74 SubMorph 4388 34125 0.218611 685.903
260	1	343234	930067	77643	37725	12782	2	0.1 Compound 50998 52120 0.998096 0.446053 Stem 4527 17716 0.00810578 1790.16 StemPrefixes 17716 50998 0.138205 6753.29 SubMorph 4402 33912 0.245159 647.972
270	1	359628	930329	77593	37809	12698	0	0.1 Compound 51033 52162 0.998123 1.86515 Stem 4487 17618 0.00186016 1821.44 StemPrefixes 17618 51033 0.128957 6749.07 SubMorph 4455 34203 0.232016 653.756
280	1	366406	931154	77885	37756	12751	1	0.1 Compound 50979 52135 0.998291 0.123146 Stem 4572 17625 0.00295911 1798.52 StemPrefixes 17625 50979 0.145541 6530.42 SubMorph 4709 34311 0.283574 564.81
290	1	385981	932250	77842	37387	13120	0	0.1 Compound 51033 52157 0.998373 0.941179 Stem 4506 17678 0.0287755 1718.2 StemPrefixes 17678 51033 0.13213 6767.06 SubMorph 4625 34240 0.22847 714.597
300	1	414435	930643	77910	37451	13056	1	0.1 Compound 50975 52084 0.998218 5.74125e-06 Stem 4526 17732 0.0312281 1688.96 StemPrefixes 17732 50975 0.142712 6660.23 SubMorph 4677 34200 0.274758 639.091
310	1	446820	932578	78007	37247	13260	0	0.1 Compound 50982 52080 0.998208 1.05527e-07 Stem 4638 17803 0.00876696 1811.6 StemPrefixes 17803 50982 0.164457 6333.47 SubMorph 4584 34477 0.247553 630.051
320	1	470649	929968	77827	37549	12958	1	0.1 Compound 50964 52061 0.99823 8.89965e-05 Stem 4593 17689 0.000964769 1858.5 StemPrefixes 17689 50964 0.157593 6433.28 SubMorph 4581 34223 0.238021 634.228
330	1	481607	928445	77777	37619	12888	1	0.1 Compound 51007 52086 0.998487 0.0300383 Stem 4455 17737 0.000963513 1762.75 StemPrefixes 17737 51007 0.141771 6572.23 SubMorph 4578 34135 0.281795 536.19
340	1	486078	930982	77828	37524	12983	2	0.1 Compound 50973 52030 0.998226 7.13013e-15 Stem 4458 17698 0.0121165 1764.41 StemPrefixes 17698 50973 0.147249 6649.87 SubMorph 4699 34622 0.284095 585.465
350	1	497155	930225	77698	37423	13084	0	0.1 Compound 50990 52031 0.998743 0.00227465 Stem 4448 17782 0.00249461 1726.22 StemPrefixes 17782 50990 0.140009 6758.1 SubMorph 4478 34201 0.244733 629.245
360	1	511168	927992	77666	37657	12850	1	0.1 Compound 50974 52046 0.998639 5.96402e-14 Stem 4477 17696 0.00149602 1869.31 StemPrefixes 17696 50974 0.128543 6765.43 SubMorph 4519 34166 0.260557 586.909
370	1	537438	929795	77705	37448	13059	0	0.1 Compound 50969 51985 0.998567 0.517175 Stem 4487 17659 0.00619317 1757.93 StemPrefixes 17659 50969 0.155185 6442.41 SubMorph 4590 34285 0.224827 712.112
380	1	555744	928711	77760	37362	13145	1	0.1 Compound 50957 52019 0.998198 0.0128887 Stem 4494 17767 0.0144591 1781.92 StemPrefixes 17767 50957 0.146937 6724.79 SubMorph 4542 34263 0.238726 625.073
390	1	561852	928591	77631	37994	12513	0	0.1 Compound 50964 52020 0.998378 0.00805364 Stem 4527 17629 0.00629353 1784.19 StemPrefixes 17629 50964 0.127759 7008.28 SubMorph 4511 34271 0.256572 570.835
400	1	571050	927203	78057	37643	12864	0	0.1 Compound 50977 51999 0.998829 0.0041842 Stem 4515 17786 0.0243261 1712.76 StemPrefixes 17786 50977 0.127089 6928.75 SubMorph 4779 34257 0.271443 649.877
