# D = 1, E = 1, I = 1, P = 0, R = -1, n = 500, N = 1, P = 0, w = 1, a = 0.1, b = 1000, e = 1, f = 1, g = 10, h = 0.1, r = 1599184305, s = 1, S = 0, x = 10, m = 0, Z = 1, z = 0, T = 1, t = 1
# 529804 tokens in 50507 sentences
#
# It	Temp	Time	-logP	tables	same	changed	reject	default_pya	(parent pym pyn pya pyb)*
0	1	5.9	1.68811e+06	50507	0	50507	0	0.1 Stem 50507 50507 0.1 1000
10	1	150.62	1.21412e+06	7608	38030	12477	0	0.1 Stem 7608 50507 0.000166661 2401.62
20	1	260.868	1.20385e+06	7267	40116	10391	0	0.1 Stem 7267 50507 0.00121049 2243.36
30	1	375.228	1.19911e+06	7327	40939	9568	0	0.1 Stem 7327 50507 0.000271545 2267.83
40	1	491.596	1.19535e+06	7323	41665	8842	0	0.1 Stem 7323 50507 0.000244523 2227.62
50	1	604.6	1.19303e+06	7411	42011	8496	0	0.1 Stem 7411 50507 5.19495e-06 2269.74
60	1	720.34	1.19083e+06	7394	42124	8383	1	0.1 Stem 7394 50507 3.99498e-05 2315.23
70	1	838.524	1.18824e+06	7464	42615	7892	0	0.1 Stem 7464 50507 0.000795297 2257.38
80	1	957.356	1.18691e+06	7534	42798	7709	1	0.1 Stem 7534 50507 8.37187e-05 2391.12
90	1	1079.26	1.18527e+06	7576	42864	7643	0	0.1 Stem 7576 50507 0.000238002 2328.21
100	1	1199.98	1.18413e+06	7664	42911	7596	0	0.1 Stem 7664 50507 2.07818e-05 2402.34
110	1	1322.67	1.18266e+06	7633	43110	7397	0	0.1 Stem 7633 50507 0.00047551 2401.56
120	1	1445.31	1.18167e+06	7736	43219	7288	0	0.1 Stem 7736 50507 0.000193172 2425.74
130	1	1570.56	1.18156e+06	7792	43099	7408	0	0.1 Stem 7792 50507 0.000277101 2468.36
140	1	1696.54	1.1804e+06	7822	43324	7183	0	0.1 Stem 7822 50507 0.000483675 2512.19
150	1	1821.76	1.17962e+06	7868	43343	7164	0	0.1 Stem 7868 50507 0.000585734 2463.69
160	1	1950.32	1.17832e+06	7876	43509	6998	0	0.1 Stem 7876 50507 0.00025148 2419.84
170	1	2076.35	1.17741e+06	7893	43679	6828	0	0.1 Stem 7893 50507 0.000568922 2461.89
180	1	2201.19	1.17698e+06	7918	43780	6727	0	0.1 Stem 7918 50507 0.00102813 2521.75
190	1	2329.05	1.1763e+06	7903	43727	6780	0	0.1 Stem 7903 50507 0.000402805 2463.24
200	1	2455.26	1.1754e+06	7931	43709	6798	0	0.1 Stem 7931 50507 0.000463123 2520.67
210	1	2581.3	1.17497e+06	7979	43888	6619	0	0.1 Stem 7979 50507 1.13073e-05 2533.55
220	1	2707.04	1.17414e+06	8007	43707	6800	0	0.1 Stem 8007 50507 0.000131473 2514.9
230	1	2832.42	1.17393e+06	8059	43914	6593	1	0.1 Stem 8059 50507 0.00115644 2554.66
240	1	2960.29	1.17316e+06	8040	43981	6526	0	0.1 Stem 8040 50507 9.90609e-05 2598.96
250	1	3088.22	1.17286e+06	8119	43940	6567	0	0.1 Stem 8119 50507 1.26046e-05 2683.39
260	1	3216.49	1.17237e+06	8128	44022	6485	0	0.1 Stem 8128 50507 8.35871e-05 2647.8
270	1	3346.24	1.17169e+06	8163	44162	6345	0	0.1 Stem 8163 50507 0.000670365 2598.45
280	1	3473.67	1.1716e+06	8167	44142	6365	1	0.1 Stem 8167 50507 0.0004265 2654.51
290	1	3602.5	1.17086e+06	8187	44143	6364	0	0.1 Stem 8187 50507 0.000122328 2607.91
300	1	3728.94	1.17059e+06	8242	44202	6305	1	0.1 Stem 8242 50507 0.00512779 2628.3
310	1	3854.92	1.16954e+06	8177	44286	6221	0	0.1 Stem 8177 50507 0.000160571 2652.79
320	1	3982.24	1.16939e+06	8232	44328	6179	0	0.1 Stem 8232 50507 0.000102241 2710.38
330	1	4109.76	1.16859e+06	8261	44350	6157	1	0.1 Stem 8261 50507 7.27917e-05 2660.96
340	1	4235.51	1.16854e+06	8238	44339	6168	1	0.1 Stem 8238 50507 0.000183849 2686.94
350	1	4362.6	1.16801e+06	8256	44439	6068	0	0.1 Stem 8256 50507 0.000442988 2763.71
360	1	4489.63	1.168e+06	8265	44397	6110	1	0.1 Stem 8265 50507 0.000364134 2663.23
370	1	4618.28	1.16714e+06	8258	44280	6227	0	0.1 Stem 8258 50507 6.50463e-05 2680.89
380	1	4746.03	1.167e+06	8332	44385	6122	0	0.1 Stem 8332 50507 0.000684188 2724.74
390	1	4875.21	1.16662e+06	8298	44434	6073	0	0.1 Stem 8298 50507 0.000824531 2645.86
400	1	5003.34	1.16642e+06	8359	44401	6106	0	0.1 Stem 8359 50507 0.000543129 2716.57
410	1	5132.22	1.16533e+06	8322	44361	6146	0	0.1 Stem 8322 50507 0.000609483 2752.97
420	1	5260.72	1.16481e+06	8360	44596	5911	0	0.1 Stem 8360 50507 0.000222915 2760.08
430	1	5390.85	1.1644e+06	8362	44678	5829	0	0.1 Stem 8362 50507 0.000413905 2775.97
440	1	5518.3	1.16407e+06	8327	44540	5967	0	0.1 Stem 8327 50507 0.000379959 2698.97
450	1	5648.15	1.16411e+06	8387	44620	5887	0	0.1 Stem 8387 50507 0.000296175 2715.65
460	1	5777.68	1.16375e+06	8382	44583	5924	0	0.1 Stem 8382 50507 0.00100995 2769.12
470	1	5907.77	1.16352e+06	8418	44583	5924	0	0.1 Stem 8418 50507 0.000834441 2780.67
480	1	6035.96	1.16309e+06	8360	44613	5894	0	0.1 Stem 8360 50507 0.000128354 2721.64
490	1	6164.83	1.16299e+06	8447	44668	5839	0	0.1 Stem 8447 50507 0.000469331 2791.38
500	1	6292.17	1.16243e+06	8408	44742	5765	0	0.1 Stem 8408 50507 0.00058012 2720.94
