# D = 1, E = 1, I = 1, P = 0, R = -1, n = 500, N = 1, P = 0, w = 1, a = 0.1, b = 1000, e = 1, f = 1, g = 10, h = 0.1, r = 1582934941, s = 1, S = 0, x = 10, m = 0, Z = 1, z = 0, T = 1, t = 1
# 529804 tokens in 50507 sentences
#
# It	Temp	Time	-logP	tables	same	changed	reject	default_pya	(parent pym pyn pya pyb)*
0	1	17.936	1.98421e+06	233070	0	50507	0	0.1 StemSuffixes 50507 50507 0.1 1000 SubMorph 132056 132056 0.1 1000 Stem 50507 50507 0.1 1000
10	1	1636.5	1.01163e+06	67350	31763	18744	0	0.1 StemSuffixes 48011 50507 0.977819 61.5623 SubMorph 6336 41064 0.125309 1471.82 Stem 13003 48011 0.00117909 5521.61
20	1	4119.78	992738	67544	33618	16889	1	0.1 StemSuffixes 48590 50507 0.98421 0.00400996 SubMorph 5526 41663 0.114848 1230.08 Stem 13428 48590 0.00364496 5655.72
30	1	6082.68	984906	67590	34393	16114	0	0.1 StemSuffixes 48705 50507 0.983633 8.86557e-12 SubMorph 5380 41913 0.14908 1013.45 Stem 13505 48705 0.000966402 5723.11
40	1	8206.6	980926	67758	34606	15901	0	0.1 StemSuffixes 48853 50507 0.985372 0.0268105 SubMorph 5369 42349 0.16884 1005.08 Stem 13536 48853 0.00210754 5845.35
50	1	10798.9	977022	67947	34835	15672	1	0.1 StemSuffixes 49006 50507 0.986698 7.04708e-07 SubMorph 5383 42524 0.215148 837.944 Stem 13558 49006 0.000670423 5756.83
60	1	12400.3	972469	67783	35541	14966	2	0.1 StemSuffixes 48989 50507 0.985511 0.182822 SubMorph 5291 42567 0.18347 911.218 Stem 13503 48989 0.00195377 5810.68
70	1	20817.5	969897	67956	35444	15063	0	0.1 StemSuffixes 49020 50507 0.984453 1.76641e-10 SubMorph 5358 42636 0.173928 934.545 Stem 13578 49020 7.20977e-05 5717.4
80	1	23250.2	969615	67827	35534	14973	0	0.1 StemSuffixes 49065 50507 0.985676 4.34962e-06 SubMorph 5264 42564 0.158918 941.398 Stem 13498 49065 0.000720731 5678.73
90	1	28091.2	968598	68286	35631	14876	1	0.1 StemSuffixes 49103 50507 0.986822 1.96276e-08 SubMorph 5509 42735 0.202768 893.583 Stem 13674 49103 0.00429856 5822.41
100	1	32884.6	965485	68249	35770	14737	0	0.1 StemSuffixes 49165 50507 0.987006 1.07923 SubMorph 5506 42528 0.20789 922.537 Stem 13578 49165 0.00117537 5714.95
110	1	35994.5	964971	68258	36195	14312	1	0.1 StemSuffixes 49098 50507 0.986561 1.2131 SubMorph 5412 42890 0.185788 927.633 Stem 13748 49098 0.000488486 5881.14
120	1	43881.3	963840	68415	36145	14362	0	0.1 StemSuffixes 49156 50507 0.987524 7.33986e-05 SubMorph 5594 42733 0.241866 812.966 Stem 13665 49156 0.000408786 5798.51
130	1	48259.9	961670	68277	36229	14278	1	0.1 StemSuffixes 49161 50507 0.987743 0.0172239 SubMorph 5486 42626 0.198924 911.555 Stem 13630 49161 0.000636163 5776.51
140	1	50577.8	961690	68542	35998	14509	0	0.1 StemSuffixes 49195 50507 0.98835 1.4073e-15 SubMorph 5617 42718 0.227272 853.494 Stem 13730 49195 0.0021671 5747.23
150	1	54125.2	960904	68514	36408	14099	4	0.1 StemSuffixes 49192 50507 0.987669 1.91312 SubMorph 5538 42710 0.187077 910.148 Stem 13784 49192 0.000489325 5891.14
160	1	56121.5	960953	68384	36466	14041	0	0.1 StemSuffixes 49168 50507 0.987715 0.0162647 SubMorph 5523 42843 0.184215 984.191 Stem 13693 49168 0.000955452 5869.45
170	1	59456.5	960003	68398	36334	14173	0	0.1 StemSuffixes 49192 50507 0.987774 2.21802e-05 SubMorph 5522 42760 0.198068 926.72 Stem 13684 49192 0.000125059 5802.8
180	1	61675.5	960304	68639	36393	14114	0	0.1 StemSuffixes 49226 50507 0.987736 1.19474e-09 SubMorph 5664 42639 0.208365 902.014 Stem 13749 49226 0.000349835 5891.72
190	1	63896.9	958098	68453	36318	14189	2	0.1 StemSuffixes 49255 50507 0.988812 31.0621 SubMorph 5399 42865 0.201371 863.665 Stem 13799 49255 0.00213198 5836.03
200	1	64955.4	960018	68838	36115	14392	1	0.1 StemSuffixes 49226 50507 0.987398 3.36296e-05 SubMorph 5692 43152 0.224338 854.834 Stem 13920 49226 9.93276e-05 5985.35
210	1	68000.3	958607	68903	36413	14094	2	0.1 StemSuffixes 49317 50507 0.988839 8.24299e-08 SubMorph 5793 43019 0.225208 900.846 Stem 13793 49317 0.00178015 5808.39
220	1	69743.5	957112	68652	36623	13884	1	0.1 StemSuffixes 49276 50507 0.988234 1.39731e-05 SubMorph 5537 43123 0.211132 844.479 Stem 13839 49276 0.000977086 6043.21
230	1	70772.6	958207	68804	36455	14052	2	0.1 StemSuffixes 49264 50507 0.988207 27.3038 SubMorph 5719 43126 0.225912 901.37 Stem 13821 49264 0.00171319 5813.07
240	1	71938.4	957163	68712	36287	14220	1	0.1 StemSuffixes 49273 50507 0.988309 3.94368e-10 SubMorph 5550 43092 0.18271 958.067 Stem 13889 49273 7.71924e-07 6046.28
250	1	72999.6	957569	68861	36293	14214	0	0.1 StemSuffixes 49335 50507 0.989603 1.69709e-12 SubMorph 5618 43112 0.198918 901.217 Stem 13908 49335 0.0016277 6067.88
260	1	74513.2	956718	68843	36402	14105	1	0.1 StemSuffixes 49348 50507 0.989305 3.50719e-05 SubMorph 5668 43181 0.231993 816.652 Stem 13827 49348 0.00359122 5881.01
270	1	75491.5	958404	68992	36018	14489	0	0.1 StemSuffixes 49303 50507 0.988282 1.07127e-06 SubMorph 5633 43629 0.201553 958.867 Stem 14056 49303 0.000903027 6035.69
280	1	78063.8	956538	68936	36264	14243	1	0.1 StemSuffixes 49313 50507 0.988609 2.09457e-08 SubMorph 5762 43287 0.213645 920.739 Stem 13861 49313 0.000844145 6074.36
290	1	79032.4	955935	69079	36436	14071	0	0.1 StemSuffixes 49404 50507 0.990017 1.95298e-10 SubMorph 5711 43377 0.222378 892.85 Stem 13964 49404 0.00474667 5884.21
300	1	79951.2	956977	69003	36405	14102	1	0.1 StemSuffixes 49330 50507 0.987735 3.12115 SubMorph 5798 43321 0.20405 968.389 Stem 13875 49330 3.04769e-05 6011.37
310	1	82234.3	954929	68888	36427	14080	1	0.1 StemSuffixes 49389 50507 0.989657 0.584426 SubMorph 5612 43136 0.216656 908.237 Stem 13887 49389 3.54458e-06 5998.8
320	1	83446.1	955207	69024	36464	14043	1	0.1 StemSuffixes 49377 50507 0.990392 0.00279602 SubMorph 5698 43369 0.218131 904.115 Stem 13949 49377 0.00128953 5982.19
330	1	86033.9	954564	68861	36586	13921	1	0.1 StemSuffixes 49366 50507 0.989281 0.256832 SubMorph 5571 43395 0.205316 854.876 Stem 13924 49366 0.0041332 5975.94
340	1	87780.5	954559	69066	36705	13802	2	0.1 StemSuffixes 49424 50507 0.988515 17.4866 SubMorph 5628 43442 0.178076 998.01 Stem 14014 49424 0.0021062 5998.23
350	1	88857.2	953163	69042	36765	13742	2	0.1 StemSuffixes 49360 50507 0.989323 0.0307428 SubMorph 5670 43476 0.212946 903.539 Stem 14012 49360 0.000611247 6073.13
360	1	90382.2	954673	69340	36528	13979	1	0.1 StemSuffixes 49421 50507 0.990382 0.752774 SubMorph 5779 43452 0.206297 953.733 Stem 14140 49421 0.00192346 6148.38
370	1	92188.2	953437	69162	36438	14069	0	0.1 StemSuffixes 49409 50507 0.990096 0.0461053 SubMorph 5713 43166 0.204661 961.872 Stem 14040 49409 0.00223861 6087.39
380	1	93583.7	955275	69298	36044	14463	0	0.1 StemSuffixes 49454 50507 0.990406 0.482239 SubMorph 5720 43702 0.198015 944.264 Stem 14124 49454 0.000961231 6150.6
390	1	95058	954427	69323	36318	14189	1	0.1 StemSuffixes 49453 50507 0.990656 6.40946e-13 SubMorph 5743 43528 0.199007 982.691 Stem 14127 49453 0.000770548 6173.17
400	1	96198.6	956462	69219	36433	14074	0	0.1 StemSuffixes 49405 50507 0.989084 0.518781 SubMorph 5787 43600 0.189563 1010.02 Stem 14027 49405 0.00175854 5924.74
410	1	97215.6	954926	69231	36135	14372	3	0.1 StemSuffixes 49478 50507 0.989929 5.86508 SubMorph 5654 43467 0.162726 1089.46 Stem 14099 49478 0.00266037 6075.96
420	1	98440.5	954472	69172	36254	14253	3	0.1 StemSuffixes 49450 50507 0.989878 0.249204 SubMorph 5642 43639 0.202918 919.261 Stem 14080 49450 0.000121551 6130.48
430	1	99372.5	955124	69185	36244	14263	0	0.1 StemSuffixes 49402 50507 0.98996 10.5348 SubMorph 5654 43571 0.183487 950.99 Stem 14129 49402 0.00321934 6061.74
440	1	101070	953797	69291	36563	13944	2	0.1 StemSuffixes 49483 50507 0.990984 1.88466e-08 SubMorph 5745 43392 0.221173 850.909 Stem 14063 49483 0.00128755 5989.24
450	1	102597	953769	69243	36612	13895	0	0.1 StemSuffixes 49407 50507 0.989748 1.58885e-06 SubMorph 5728 43592 0.186972 1021.55 Stem 14108 49407 0.000426833 6099.59
460	1	104298	954841	69252	36626	13881	0	0.1 StemSuffixes 49421 50507 0.98969 0.594324 SubMorph 5779 43692 0.194712 982.45 Stem 14052 49421 0.00146711 5934.85
470	1	107249	953076	69284	36587	13920	0	0.1 StemSuffixes 49465 50507 0.989814 0.000140374 SubMorph 5675 43562 0.176211 1013.52 Stem 14144 49465 0.000705735 6123.06
480	1	109165	952554	69385	36258	14249	1	0.1 StemSuffixes 49486 50507 0.989377 6.02563 SubMorph 5660 43435 0.223732 857.068 Stem 14239 49486 0.0037278 6128.56
490	1	110057	952476	69175	36389	14118	1	0.1 StemSuffixes 49430 50507 0.989742 1.49676e-05 SubMorph 5626 43668 0.198086 957.45 Stem 14119 49430 0.00359203 5962.46
500	1	110903	950593	69217	36552	13955	0	0.1 StemSuffixes 49419 50507 0.990124 5.16278e-06 SubMorph 5674 43415 0.19513 956.057 Stem 14124 49419 0.00108524 6144.52
