# D = 1, E = 1, I = 1, P = 0, R = -1, n = 500, N = 1, P = 0, w = 1, a = 0.1, b = 1000, e = 1, f = 1, g = 10, h = 0.1, r = 1599399232, s = 1, S = 0, x = 10, m = 0, Z = 1, z = 0, T = 1, t = 1
# 529804 tokens in 50507 sentences
#
# It	Temp	Time	-logP	tables	same	changed	reject	default_pya	(parent pym pyn pya pyb)*
0	1	29.204	2.46401e+06	358069	0	50507	0	0.1 Stem 37838 37838 0.1 1000 Compound 120746 120746 0.1 1000 SuffixMorph 45142 45142 0.1 1000 SubMorph 154343 154343 0.1 1000
10	1	2007.88	1.33734e+06	39241	6509	43998	1	0.1 Stem 1533 2867 0.676303 119.157 Compound 28029 111805 0.10947 8835.28 SuffixMorph 5768 22370 0.167299 1618.1 SubMorph 3911 21350 0.0653862 1200.81
20	1	3312.99	1.29642e+06	39278	7457	43050	2	0.1 Stem 1001 2054 0.782057 12.6658 Compound 28802 107381 0.193863 7755.02 SuffixMorph 6517 26013 0.305489 1185.51 SubMorph 2958 22426 0.00826935 827.999
30	1	4615.42	1.27723e+06	40776	7689	42818	1	0.1 Stem 625 1785 0.721814 10.0867 Compound 30036 105115 0.222336 7942.1 SuffixMorph 7447 28733 0.390237 950.271 SubMorph 2668 22782 0.0131791 744.086
40	1	5975.92	1.26431e+06	41683	7946	42561	4	0.1 Stem 395 1304 0.779056 0.183554 Compound 30875 103511 0.268444 7385.12 SuffixMorph 7938 30964 0.396774 1007.83 SubMorph 2475 22615 0.0017003 700.2
50	1	7332.12	1.2576e+06	42544	8110	42397	0	0.1 Stem 341 1200 0.793419 9.05685e-05 Compound 31314 102497 0.280689 7427.27 SuffixMorph 8534 32213 0.401232 1122.99 SubMorph 2355 22849 0.00814151 609.177
60	1	8735.88	1.25378e+06	43425	8044	42463	1	0.1 Stem 211 1015 0.692047 0.0521472 Compound 31749 101920 0.273735 7651.43 SuffixMorph 9229 33459 0.404539 1236.1 SubMorph 2236 22525 0.0161719 550.722
70	1	10181.1	1.25326e+06	44791	8017	42490	1	0.1 Stem 147 925 0.65523 0.0274659 Compound 32226 101305 0.283412 7813.65 SuffixMorph 10183 36494 0.451299 1141.06 SubMorph 2235 21651 0.008894 570.644
80	1	11609.8	1.24752e+06	45609	8179	42328	1	0.1 Stem 72 760 0.4998 0.306257 Compound 32406 100885 0.30822 7398.86 SuffixMorph 10999 38133 0.490245 1025.68 SubMorph 2132 21346 0.00655435 564.941
90	1	13035.5	1.24837e+06	46666	8377	42130	1	0.1 Stem 29 679 0.0597229 3.41481 Compound 32245 100742 0.288372 7755.72 SuffixMorph 12318 38757 0.532343 991.477 SubMorph 2074 21887 0.00567053 523.806
100	1	14555.6	1.2464e+06	47664	8344	42163	1	0.1 Stem 32 781 0.171297 2.6992 Compound 32897 100420 0.295978 7824.28 SuffixMorph 12609 39581 0.515453 1211.61 SubMorph 2126 21497 0.00378157 570.347
110	1	16091.7	1.24518e+06	47939	8247	42260	0	0.1 Stem 21 774 0.119564 1.41246 Compound 32801 100026 0.289887 7945.07 SuffixMorph 13077 39912 0.515452 1301.77 SubMorph 2040 22009 0.00589778 512.098
120	1	17625.1	1.24291e+06	48509	8244	42263	1	0.1 Stem 49 891 0.213783 3.31873 Compound 33373 99708 0.33491 7449.44 SuffixMorph 12841 40409 0.518139 1224.67 SubMorph 2246 21740 0.00178546 600.978
130	1	19199.6	1.24457e+06	48629	8332	42175	2	0.1 Stem 28 831 0.211657 2.14118 Compound 33461 99824 0.320991 7694.11 SuffixMorph 12948 40501 0.510805 1275.55 SubMorph 2192 21815 0.0252474 544.399
140	1	20785	1.24018e+06	48650	8448	42059	4	0.1 Stem 27 791 0.338872 0.460432 Compound 33313 99598 0.313264 7700.17 SuffixMorph 13153 40091 0.512132 1281.12 SubMorph 2157 22257 0.00660378 553.827
150	1	22335.6	1.24335e+06	48732	8465	42042	2	0.1 Stem 30 862 0.170395 0.911784 Compound 33362 99440 0.321964 7681.84 SuffixMorph 13171 40490 0.50374 1346.62 SubMorph 2169 22150 0.0131769 551.853
160	1	23894.9	1.24142e+06	48392	8200	42307	0	0.1 Stem 30 1172 0.122822 2.66769 Compound 33298 99432 0.32943 7342.06 SuffixMorph 13001 40554 0.489751 1383.52 SubMorph 2063 21829 0.0177541 507.524
170	1	25415.4	1.23957e+06	48283	8218	42289	0	0.1 Stem 28 1405 0.219673 0.026299 Compound 33223 99274 0.329794 7258.45 SuffixMorph 12929 40487 0.49619 1359.9 SubMorph 2103 21811 0.0289728 502.198
180	1	26962.2	1.24222e+06	48388	8200	42307	0	0.1 Stem 32 1406 0.121379 3.39179 Compound 33040 99448 0.321395 7543.57 SuffixMorph 13265 40383 0.488205 1509.53 SubMorph 2051 22099 0.00801368 540.493
190	1	28531.8	1.24488e+06	49125	8136	42371	1	0.1 Stem 38 1589 0.244536 0.871656 Compound 33667 99469 0.328488 7480.64 SuffixMorph 13282 40606 0.479011 1462.07 SubMorph 2138 22244 0.0383353 518.657
200	1	30173.7	1.24378e+06	49218	8140	42367	2	0.1 Stem 37 1585 0.294951 0.71808 Compound 33808 99121 0.324909 7622.97 SuffixMorph 13215 40662 0.47803 1541.52 SubMorph 2158 22041 0.0396473 522.61
210	1	31821.9	1.24204e+06	49016	8253	42254	0	0.1 Stem 30 1336 0.0976828 5.35226 Compound 33723 99407 0.311004 8025.68 SuffixMorph 13067 39944 0.468435 1549.89 SubMorph 2196 22046 0.00621842 571.332
220	1	33443.9	1.23971e+06	48947	8264	42243	2	0.1 Stem 20 1400 0.0689411 3.18669 Compound 33768 99267 0.329845 7583.55 SuffixMorph 13023 40422 0.487245 1439.35 SubMorph 2136 21992 0.0180588 532.018
230	1	35029.3	1.24361e+06	48963	8126	42381	2	0.1 Stem 23 1546 0.00603736 2.87218 Compound 33300 99310 0.297546 8136.72 SuffixMorph 13369 40175 0.494868 1492.33 SubMorph 2271 22132 0.0539776 536.605
240	1	36613.5	1.24401e+06	49679	8249	42258	2	0.1 Stem 19 1733 0.0292411 2.40622 Compound 34182 99069 0.322834 7813.26 SuffixMorph 13208 40700 0.490013 1412.54 SubMorph 2270 22112 0.00804629 592.43
250	1	38273.1	1.24159e+06	48642	8252	42255	1	0.1 Stem 32 1616 0.136498 3.10281 Compound 33315 98975 0.323738 7487.82 SuffixMorph 13026 40349 0.46272 1600.02 SubMorph 2269 21799 0.00458323 598.566
260	1	39879.2	1.24409e+06	48933	8118	42389	1	0.1 Stem 35 1470 0.3223 0.475655 Compound 33390 99114 0.331301 7347.75 SuffixMorph 13366 40746 0.472285 1672.46 SubMorph 2142 22261 0.0165208 523.737
270	1	41462.7	1.24051e+06	48862	8257	42250	1	0.1 Stem 26 1417 0.025004 5.35928 Compound 33419 98858 0.335546 7480.73 SuffixMorph 13301 40728 0.476907 1566.51 SubMorph 2116 22218 0.00357921 557.021
280	1	43053.5	1.24133e+06	49028	8276	42231	0	0.1 Stem 31 1517 0.0425869 4.92803 Compound 33478 98907 0.316086 7707.86 SuffixMorph 13309 40484 0.475718 1623.46 SubMorph 2210 22255 0.00550696 624.73
290	1	44679	1.24355e+06	48389	8156	42351	1	0.1 Stem 27 1578 0.0882672 3.45787 Compound 33051 99263 0.305053 7853.85 SuffixMorph 13152 39981 0.45957 1598.66 SubMorph 2159 22216 0.0126156 543.192
300	1	46260	1.24177e+06	49162	8298	42209	1	0.1 Stem 33 1592 0.275093 1.92741 Compound 33440 99028 0.318491 7595.81 SuffixMorph 13509 40062 0.495892 1500.94 SubMorph 2180 22674 0.00409071 579.217
310	1	47859.1	1.24071e+06	49680	8373	42134	1	0.1 Stem 33 1670 0.265057 1.42196 Compound 34005 98737 0.325289 7899.51 SuffixMorph 13466 40800 0.498365 1441.76 SubMorph 2176 22401 0.0251572 522.336
320	1	49502.3	1.24283e+06	49537	8269	42238	2	0.1 Stem 18 1669 0.00919738 2.40873 Compound 33970 98930 0.312339 8168.66 SuffixMorph 13321 40643 0.495318 1412.13 SubMorph 2228 22327 0.0100032 602.295
330	1	51106.6	1.24139e+06	49322	8309	42198	0	0.1 Stem 32 1661 0.192126 1.80215 Compound 33945 98681 0.31207 7882.45 SuffixMorph 13183 40747 0.477966 1487.39 SubMorph 2162 22271 0.000186101 577.587
340	1	52719.6	1.2414e+06	49909	8279	42228	3	0.1 Stem 40 1706 0.310952 1.53952 Compound 33949 98823 0.332493 7542.96 SuffixMorph 13655 40529 0.487108 1559.05 SubMorph 2265 22792 0.00413337 622.367
350	1	54338.2	1.24216e+06	49765	8220	42287	2	0.1 Stem 29 1767 0.22226 1.55697 Compound 34290 98879 0.330185 7956.54 SuffixMorph 13275 40893 0.454125 1718.68 SubMorph 2171 22003 0.00228565 573.31
360	1	55943.6	1.23993e+06	49454	8348	42159	4	0.1 Stem 23 1621 0.092312 2.11289 Compound 34211 98798 0.315242 8298.1 SuffixMorph 13018 40986 0.456883 1633.86 SubMorph 2202 21909 0.010952 564.027
370	1	57539.2	1.24252e+06	49665	8424	42083	1	0.1 Stem 24 1711 0.148416 2.01115 Compound 34233 98835 0.317971 8123.73 SuffixMorph 13210 40675 0.455215 1778.23 SubMorph 2198 22323 0.00159051 570.433
380	1	59156	1.24227e+06	49370	8364	42143	4	0.1 Stem 23 1581 0.163884 1.96661 Compound 34120 98628 0.334967 7499.98 SuffixMorph 12964 41119 0.454302 1721.78 SubMorph 2263 21730 0.00896604 611.425
390	1	60751.7	1.24152e+06	49205	8116	42391	1	0.1 Stem 33 1443 0.206079 1.84749 Compound 33552 98775 0.328194 7455.23 SuffixMorph 13333 40582 0.467714 1672.97 SubMorph 2287 22409 0.0493475 561.304
400	1	62390.9	1.24115e+06	49465	8035	42472	1	0.1 Stem 22 1391 0.172352 1.10298 Compound 33864 98604 0.327727 7575.86 SuffixMorph 13349 41019 0.473755 1544.37 SubMorph 2230 22424 0.00361388 579.41
410	1	63994.6	1.2407e+06	49375	8246	42261	0	0.1 Stem 18 1460 0.039426 2.83956 Compound 33791 98508 0.316888 7930.73 SuffixMorph 13354 40987 0.479293 1559.18 SubMorph 2212 22408 0.00679189 558.94
420	1	65581.6	1.2419e+06	49472	8226	42281	0	0.1 Stem 21 1593 0.0296451 3.61758 Compound 34062 98665 0.335239 7577.76 SuffixMorph 13189 40832 0.452525 1694.61 SubMorph 2200 22373 0.0123888 571.285
430	1	67179.9	1.24327e+06	49773	8183	42324	3	0.1 Stem 24 1567 0.047107 2.20308 Compound 34116 98655 0.340122 7640.28 SuffixMorph 13371 41118 0.499203 1365.03 SubMorph 2262 22570 0.00357789 599.311
440	1	68770.8	1.24142e+06	49706	8167	42340	2	0.1 Stem 28 1498 0.260474 2.10227 Compound 33992 98652 0.319187 8035.31 SuffixMorph 13461 40847 0.477796 1614.44 SubMorph 2225 22434 0.00451728 607.274
450	1	70360.2	1.24248e+06	49742	8190	42317	2	0.1 Stem 47 1420 0.332831 1.08745 Compound 33970 98676 0.311673 8152.68 SuffixMorph 13394 40617 0.482774 1500.21 SubMorph 2331 22485 0.00790324 596.558
460	1	72051.7	1.24269e+06	49729	8163	42344	0	0.1 Stem 34 1521 0.277823 0.265565 Compound 34196 98559 0.317848 8137.34 SuffixMorph 13168 41011 0.47294 1632.78 SubMorph 2331 22389 0.0384374 599.095
470	1	73641.3	1.24026e+06	50131	8161	42346	1	0.1 Stem 30 1584 0.00621794 4.13751 Compound 34402 98639 0.331233 7805.12 SuffixMorph 13487 40515 0.495867 1444.75 SubMorph 2212 22741 0.0108375 581.011
480	1	75327.7	1.24279e+06	50169	8192	42315	2	0.1 Stem 23 1443 0.115322 1.50442 Compound 34260 98588 0.345289 7492.05 SuffixMorph 13541 40718 0.495335 1441.32 SubMorph 2345 22794 0.00203133 631.306
490	1	76959.4	1.24257e+06	50035	8065	42442	0	0.1 Stem 27 1639 0.210732 0.112331 Compound 34183 98629 0.32576 7946.31 SuffixMorph 13567 40703 0.485847 1634.58 SubMorph 2258 22840 0.00820251 599.339
500	1	78617.7	1.24287e+06	50440	8148	42359	0	0.1 Stem 31 1491 0.109807 4.02787 Compound 34183 98490 0.312609 8253.48 SuffixMorph 13834 40514 0.486888 1693.55 SubMorph 2392 23118 0.00414554 650.722
