# D = 1, E = 1, I = 1, P = 0, R = -1, n = 500, N = 1, P = 0, w = 1, a = 0.1, b = 1000, e = 1, f = 1, g = 10, h = 0.1, r = 1599296832, s = 1, S = 0, x = 10, m = 0, Z = 1, z = 0, T = 1, t = 1
# 529804 tokens in 50507 sentences
#
# It	Temp	Time	-logP	tables	same	changed	reject	default_pya	(parent pym pyn pya pyb)*
0	1	24.116	1.98451e+06	232907	0	50507	0	0.1 Stem 50507 50507 0.1 1000 StemPrefixes 50507 50507 0.1 1000 SubMorph 131893 131893 0.1 1000
10	1	944.212	978902	31696	32705	17802	0	0.1 Stem 6822 19514 0.0755211 3015.83 StemPrefixes 19514 50507 0.13766 8061.06 SubMorph 5360 35707 0.0223942 1552.17
20	1	1532.52	962218	30353	34200	16307	0	0.1 Stem 6452 19205 0.109392 2479.64 StemPrefixes 19205 50507 0.157526 7384.29 SubMorph 4696 35616 0.0500122 1252.11
30	1	2113.98	953317	29736	34767	15740	0	0.1 Stem 6213 19034 0.0982317 2379.44 StemPrefixes 19034 50507 0.17405 7220.38 SubMorph 4489 35248 0.105918 1017.14
40	1	2686.73	949657	29538	35106	15401	0	0.1 Stem 6097 18969 0.0750393 2509.17 StemPrefixes 18969 50507 0.147389 7534.03 SubMorph 4472 35280 0.0878933 1055.35
50	1	6870.3	947233	29638	35315	15192	0	0.1 Stem 6108 19014 0.0894365 2441.69 StemPrefixes 19014 50507 0.194622 6913.98 SubMorph 4516 35444 0.13937 916.996
60	1	7437.57	947189	29651	35351	15156	4	0.1 Stem 6147 18981 0.0624853 2527.64 StemPrefixes 18981 50507 0.164999 7355.98 SubMorph 4523 35985 0.151765 859.626
70	1	8005.33	942829	29429	36052	14455	2	0.1 Stem 6021 19003 0.100104 2254.21 StemPrefixes 19003 50507 0.172717 7052.47 SubMorph 4405 35429 0.168671 750.222
80	1	8570.63	940669	29663	36209	14298	0	0.1 Stem 6140 19060 0.0667011 2599.17 StemPrefixes 19060 50507 0.169914 7260.69 SubMorph 4463 35360 0.175417 809.059
90	1	9137.39	938561	29625	36421	14086	1	0.1 Stem 6064 18960 0.0556771 2551.04 StemPrefixes 18960 50507 0.166827 7358.27 SubMorph 4601 35109 0.200031 763.67
100	1	9711.38	939613	29669	36273	14234	1	0.1 Stem 5956 19096 0.0475768 2475.13 StemPrefixes 19096 50507 0.162054 7437.82 SubMorph 4617 35313 0.192892 762.326
110	1	10296.2	938402	29747	36590	13917	0	0.1 Stem 6012 19066 0.0270898 2645.77 StemPrefixes 19066 50507 0.181021 7059.14 SubMorph 4669 35314 0.184612 819.918
120	1	10884.5	935114	29469	36788	13719	2	0.1 Stem 6008 18957 0.0443013 2606.76 StemPrefixes 18957 50507 0.179855 7109.63 SubMorph 4504 35232 0.171249 779.144
130	1	11444.9	934850	29567	36835	13672	0	0.1 Stem 6028 18976 0.00121529 2791.48 StemPrefixes 18976 50507 0.176253 7129.66 SubMorph 4563 35163 0.196563 754.029
140	1	12034.6	935423	29258	36721	13786	0	0.1 Stem 5764 18946 0.0541697 2385.52 StemPrefixes 18946 50507 0.168393 7049.07 SubMorph 4548 35199 0.18353 815.297
150	1	12600.4	933216	29272	36941	13566	1	0.1 Stem 5885 18836 0.0267766 2551.51 StemPrefixes 18836 50507 0.177665 6851.84 SubMorph 4551 34963 0.174077 847.389
160	1	13167.8	933723	29361	36960	13547	0	0.1 Stem 5869 18902 0.0172735 2597.77 StemPrefixes 18902 50507 0.17703 6936.37 SubMorph 4590 35100 0.213858 695.723
170	1	13739.1	933850	29316	36831	13676	0	0.1 Stem 5841 18872 0.0119504 2614.2 StemPrefixes 18872 50507 0.172062 6965.95 SubMorph 4603 35122 0.186733 794.616
180	1	14339.9	933726	29271	36843	13664	1	0.1 Stem 5735 18942 0.0537613 2362.33 StemPrefixes 18942 50507 0.165425 7268.4 SubMorph 4594 35139 0.185381 822.461
190	1	14912.8	933821	29149	36621	13886	1	0.1 Stem 5680 18847 0.0569446 2287.23 StemPrefixes 18847 50507 0.183748 6898.5 SubMorph 4622 35366 0.195085 776.007
200	1	15470.7	932635	29001	36937	13570	0	0.1 Stem 5564 18912 0.0358502 2371.1 StemPrefixes 18912 50507 0.182825 7026.76 SubMorph 4525 35054 0.177324 813.959
210	1	16037.6	933374	29020	36979	13528	0	0.1 Stem 5647 18779 0.0314407 2414.17 StemPrefixes 18779 50507 0.153936 7090.34 SubMorph 4594 35051 0.216678 729.291
220	1	16603.1	933091	29215	36802	13705	1	0.1 Stem 5734 18840 0.0135991 2538.72 StemPrefixes 18840 50507 0.167976 7107.44 SubMorph 4641 35299 0.217837 774.263
230	1	17173	934716	29260	36479	14028	1	0.1 Stem 5713 18885 0.013319 2521.85 StemPrefixes 18885 50507 0.179079 6974.3 SubMorph 4662 35576 0.199257 766.154
240	1	17733.5	933497	29194	36825	13682	1	0.1 Stem 5732 18967 0.00677301 2614.54 StemPrefixes 18967 50507 0.17066 7105.87 SubMorph 4495 35399 0.177674 817.152
250	1	18301.4	934217	29054	36606	13901	1	0.1 Stem 5631 18843 0.0294075 2439.13 StemPrefixes 18843 50507 0.165983 7132.94 SubMorph 4580 35556 0.19015 760.425
260	1	18873.9	932925	29253	36845	13662	0	0.1 Stem 5822 18868 0.0343299 2479.33 StemPrefixes 18868 50507 0.173143 7021.64 SubMorph 4563 35530 0.197191 761.476
270	1	19443.9	931601	29385	36944	13563	0	0.1 Stem 5798 18893 0.0573699 2331.74 StemPrefixes 18893 50507 0.172949 7139.29 SubMorph 4694 35338 0.239404 666.275
280	1	20006.8	931177	29209	37044	13463	2	0.1 Stem 5794 18854 0.0571928 2406.36 StemPrefixes 18854 50507 0.167813 7274.36 SubMorph 4561 35420 0.236046 698.639
290	1	20580.1	931163	29237	37215	13292	0	0.1 Stem 5735 18860 0.00763958 2501.68 StemPrefixes 18860 50507 0.190131 6754.02 SubMorph 4642 35291 0.210942 728.392
300	1	21152	931481	29404	36984	13523	1	0.1 Stem 5715 18993 0.0258889 2497.71 StemPrefixes 18993 50507 0.187708 6872.28 SubMorph 4696 35494 0.207941 771.816
310	1	21715.1	930652	29163	36996	13511	1	0.1 Stem 5622 18899 0.0319319 2309.63 StemPrefixes 18899 50507 0.171556 7162.32 SubMorph 4642 35579 0.209231 731.508
320	1	22288.4	931222	29283	36948	13559	0	0.1 Stem 5656 18786 0.0116329 2426.73 StemPrefixes 18786 50507 0.174766 6883.69 SubMorph 4841 35568 0.225741 760.648
330	1	22860.1	929832	29513	37094	13413	2	0.1 Stem 5803 18950 0.0752116 2269.34 StemPrefixes 18950 50507 0.175266 7011.43 SubMorph 4760 35504 0.247717 673.206
340	1	23443	930305	29642	36989	13518	1	0.1 Stem 5879 18861 0.0728876 2291.92 StemPrefixes 18861 50507 0.178738 6867.83 SubMorph 4902 35735 0.264094 611.618
350	1	24027	932395	29503	36848	13659	1	0.1 Stem 5645 18940 0.0581197 2206.4 StemPrefixes 18940 50507 0.192076 6877.01 SubMorph 4918 35931 0.259638 710.536
360	1	24608.9	930669	29187	37178	13329	0	0.1 Stem 5601 18910 0.0503837 2293.96 StemPrefixes 18910 50507 0.189246 6847.63 SubMorph 4676 35535 0.219984 712.913
370	1	25172.5	931243	29247	36993	13514	1	0.1 Stem 5720 18831 0.0517037 2341.24 StemPrefixes 18831 50507 0.17492 6997.1 SubMorph 4696 35667 0.205139 788.827
380	1	25738.6	931958	29500	36607	13900	0	0.1 Stem 5647 19002 0.0293054 2410.34 StemPrefixes 19002 50507 0.16336 7092.31 SubMorph 4851 35948 0.210913 743.594
390	1	26310.4	931537	29379	37021	13486	2	0.1 Stem 5680 18916 0.0719726 2181.43 StemPrefixes 18916 50507 0.173593 6960.97 SubMorph 4783 35781 0.204906 776.569
400	1	26886.9	930134	29379	37086	13421	1	0.1 Stem 5679 18952 0.0509149 2373.6 StemPrefixes 18952 50507 0.175051 7022.79 SubMorph 4748 35702 0.167258 915.219
410	1	27450.5	930400	29313	37297	13210	2	0.1 Stem 5554 18923 0.00136096 2468.6 StemPrefixes 18923 50507 0.19362 6895.45 SubMorph 4836 35770 0.236278 696.607
420	1	28018.5	930766	29337	37224	13283	1	0.1 Stem 5690 18875 0.0729261 2189.22 StemPrefixes 18875 50507 0.174964 6975.47 SubMorph 4772 35868 0.224206 736.68
430	1	28586.2	928556	29181	37293	13214	1	0.1 Stem 5637 18891 0.0271282 2356.01 StemPrefixes 18891 50507 0.178272 6999.49 SubMorph 4653 35561 0.220088 734.467
440	1	29152.4	927462	29068	37523	12984	0	0.1 Stem 5493 18839 0.0253256 2289.01 StemPrefixes 18839 50507 0.162258 7156.02 SubMorph 4736 35284 0.242704 653.589
450	1	29720	928834	29278	37236	13271	0	0.1 Stem 5578 18875 0.0732938 2108.6 StemPrefixes 18875 50507 0.175185 6994.07 SubMorph 4825 35437 0.225966 775.578
460	1	30291.2	928744	29256	37292	13215	0	0.1 Stem 5585 18850 0.0563992 2261.27 StemPrefixes 18850 50507 0.21318 6448.57 SubMorph 4821 35453 0.234868 743.073
470	1	30867.5	929410	29237	37442	13065	2	0.1 Stem 5648 18845 0.0294179 2326.33 StemPrefixes 18845 50507 0.167165 7209.75 SubMorph 4744 35607 0.209386 738.213
480	1	31439.8	928984	29495	37214	13293	3	0.1 Stem 5601 18983 0.0463316 2273.5 StemPrefixes 18983 50507 0.19823 6578.45 SubMorph 4911 35479 0.238653 733.622
490	1	32011.9	928112	29297	37306	13201	0	0.1 Stem 5602 18859 0.0233877 2361.05 StemPrefixes 18859 50507 0.179455 6895.17 SubMorph 4836 35460 0.240884 680.723
500	1	32572.5	928438	29272	37146	13361	0	0.1 Stem 5501 18864 0.0392605 2240.64 StemPrefixes 18864 50507 0.179761 6795.38 SubMorph 4907 35732 0.262088 656.05
