# D = 1, E = 1, I = 1, P = 0, R = -1, n = 500, N = 1, P = 0, w = 1, a = 0.1, b = 1000, e = 1, f = 1, g = 10, h = 0.1, r = 1660718554, s = 1, S = 0, x = 10, m = 0, Z = 1, z = 0, T = 1, t = 1
# 545867 tokens in 52141 sentences
#
# It	Temp	Time	-logP	tables	same	changed	reject	default_pya	(parent pym pyn pya pyb)*
0	1	9.01725	2.85219e+06	467590	0	52141	0	0.1 SuffixMorph 38857 38857 0.1 1000 Prefix 52141 52141 0.1 1000 Suffix 52141 52141 0.1 1000 Stem 52141 52141 0.1 1000 PrefixMorph 38820 38820 0.1 1000 SubMorph 233490 233490 0.1 1000
10	1	1193.31	1.42507e+06	43604	675	51466	0	0.1 SuffixMorph 1649 6617 0.329918 250.926 Prefix 10944 52141 0.110126 3045.84 Suffix 11109 52141 0.296306 1840.13 Stem 11718 52141 0.188541 2870.84 PrefixMorph 3692 7578 0.484664 763.466 SubMorph 4492 25083 0.00111297 1542.7
20	1	1855.64	1.40044e+06	40697	603	51538	1	0.1 SuffixMorph 1429 7548 0.304019 196.893 Prefix 9903 52141 0.119788 2626.81 Suffix 11065 52141 0.401182 1132.81 Stem 11500 52141 0.231312 2383.26 PrefixMorph 3157 6088 0.530854 633.527 SubMorph 3643 24668 0.00180112 1105.28
30	1	2483.34	1.38603e+06	39762	610	51531	0	0.1 SuffixMorph 1321 7844 0.319595 182.603 Prefix 9338 52141 0.145853 2122.37 Suffix 11164 52141 0.462563 842.126 Stem 11783 52141 0.270307 2240.62 PrefixMorph 2739 4970 0.555082 565.412 SubMorph 3417 25098 0.00967391 1022.16
40	1	3088.07	1.37663e+06	38734	605	51536	1	0.1 SuffixMorph 1203 7927 0.295376 153.797 Prefix 9222 52141 0.169805 2019.93 Suffix 10627 52141 0.501865 564.801 Stem 11921 52141 0.277323 2205.53 PrefixMorph 2429 4637 0.558367 428.013 SubMorph 3332 25111 0.00195067 973.466
50	1	3659.68	1.37244e+06	37611	612	51529	0	0.1 SuffixMorph 1164 7784 0.363781 102.58 Prefix 8531 52141 0.158153 1877.38 Suffix 10204 52141 0.4803 637.916 Stem 12168 52141 0.307999 2057.63 PrefixMorph 2216 4262 0.561898 402.723 SubMorph 3328 25260 0.0297678 931.103
60	1	4205.16	1.36868e+06	36785	601	51540	0	0.1 SuffixMorph 1161 7733 0.275959 134.176 Prefix 8187 52141 0.155897 1766.16 Suffix 9824 52141 0.492586 488.829 Stem 12281 52141 0.326553 1928.89 PrefixMorph 2146 3850 0.6271 289.042 SubMorph 3186 25574 0.00795338 897.041
70	1	4729.38	1.36515e+06	36404	588	51553	0	0.1 SuffixMorph 1173 7986 0.334096 122.029 Prefix 7882 52141 0.153845 1658.51 Suffix 9927 52141 0.540625 389.453 Stem 12297 52141 0.293878 2277.07 PrefixMorph 1962 3666 0.555006 295.562 SubMorph 3163 25545 0.00172915 919.437
80	1	5249.28	1.36197e+06	36021	574	51567	1	0.1 SuffixMorph 1105 7910 0.220794 176.567 Prefix 7335 52141 0.181361 1356.83 Suffix 10066 52141 0.52969 428.28 Stem 12424 52141 0.320965 2024.14 PrefixMorph 1817 3468 0.59626 300.308 SubMorph 3274 25440 0.0042874 921.175
90	1	5764.83	1.36254e+06	36058	558	51583	0	0.1 SuffixMorph 1182 8097 0.298238 140.149 Prefix 7136 52141 0.15217 1453.71 Suffix 10217 52141 0.521951 463.258 Stem 12500 52141 0.347594 1830.04 PrefixMorph 1820 3319 0.580907 327.109 SubMorph 3203 25811 0.00509342 941.291
100	1	6279.03	1.35816e+06	36152	596	51545	0	0.1 SuffixMorph 1086 8276 0.235528 156.979 Prefix 7137 52141 0.154351 1409.3 Suffix 10345 52141 0.555123 354.407 Stem 12564 52141 0.342748 1901.06 PrefixMorph 1770 3337 0.571023 328.338 SubMorph 3250 25551 0.0315502 868.626
110	1	6788.6	1.35512e+06	35653	591	51550	1	0.1 SuffixMorph 1133 8271 0.266505 127.423 Prefix 7050 52141 0.157871 1343.05 Suffix 10155 52141 0.555149 360.707 Stem 12416 52141 0.329152 2024.36 PrefixMorph 1668 3178 0.522038 342.153 SubMorph 3231 25298 0.0132494 859.704
120	1	7290.95	1.35429e+06	35648	622	51519	0	0.1 SuffixMorph 1163 8177 0.311681 126.056 Prefix 7207 52141 0.161749 1461.36 Suffix 9937 52141 0.54309 374.93 Stem 12451 52141 0.318294 2059.48 PrefixMorph 1645 3102 0.543085 307.228 SubMorph 3245 25573 0.00589671 960.351
130	1	7795.95	1.35039e+06	35652	583	51558	0	0.1 SuffixMorph 1105 8195 0.298763 134.52 Prefix 7240 52141 0.239414 1098.83 Suffix 9931 52141 0.556935 313.671 Stem 12591 52141 0.329193 1953.58 PrefixMorph 1574 3053 0.566749 189.442 SubMorph 3211 25765 0.010364 900.873
140	1	8287.45	1.35206e+06	35139	565	51576	0	0.1 SuffixMorph 1088 8028 0.25377 149.449 Prefix 7086 52141 0.215664 1175.54 Suffix 9565 52141 0.544465 340.17 Stem 12647 52141 0.330782 1974.51 PrefixMorph 1556 2947 0.535843 297.42 SubMorph 3197 25937 0.00580346 921.448
150	1	8778.89	1.352e+06	35416	659	51482	1	0.1 SuffixMorph 1149 8011 0.249829 148.556 Prefix 7125 52141 0.18243 1258.54 Suffix 9757 52141 0.537731 354.49 Stem 12583 52141 0.325615 2027.56 PrefixMorph 1577 2939 0.545511 302.38 SubMorph 3225 25768 0.00297574 935.651
160	1	9272.66	1.35167e+06	35038	601	51540	1	0.1 SuffixMorph 1144 8171 0.293146 142.592 Prefix 6863 52141 0.195569 1136.81 Suffix 9715 52141 0.530093 393.946 Stem 12617 52141 0.32528 2019.44 PrefixMorph 1491 2799 0.605523 191.535 SubMorph 3208 25787 0.00843913 914.358
170	1	9750.1	1.35044e+06	34403	584	51557	2	0.1 SuffixMorph 1190 8105 0.347567 126.404 Prefix 6787 52141 0.165353 1270.1 Suffix 9373 52141 0.539704 319.669 Stem 12469 52141 0.308396 2087.54 PrefixMorph 1480 2800 0.564671 280.517 SubMorph 3104 25666 0.00126737 895.482
180	1	10209.8	1.35409e+06	34498	553	51588	0	0.1 SuffixMorph 1145 8347 0.27216 157.296 Prefix 6477 52141 0.148634 1228.48 Suffix 9571 52141 0.538049 373.465 Stem 12689 52141 0.334171 2079.35 PrefixMorph 1468 2799 0.596238 205.592 SubMorph 3148 25911 0.00527103 916.552
190	1	10657.2	1.35005e+06	34573	575	51566	2	0.1 SuffixMorph 1127 8244 0.267812 144.031 Prefix 6369 52141 0.163576 1159.84 Suffix 9655 52141 0.544192 342.238 Stem 12828 52141 0.328024 2065.55 PrefixMorph 1413 2723 0.509031 328.047 SubMorph 3181 26139 0.0288228 845.461
200	1	11111.7	1.34917e+06	34057	593	51548	0	0.1 SuffixMorph 1091 8200 0.272312 142.95 Prefix 6497 52141 0.188045 1095.44 Suffix 9339 52141 0.529146 374.396 Stem 12658 52141 0.323613 2098.64 PrefixMorph 1362 2710 0.420438 428.306 SubMorph 3110 25662 0.00926361 883.261
210	1	11566.4	1.34874e+06	34477	548	51593	0	0.1 SuffixMorph 1257 8400 0.384692 108.475 Prefix 6455 52141 0.196113 1049.74 Suffix 9625 52141 0.545836 330.863 Stem 12584 52141 0.326353 2006.67 PrefixMorph 1360 2707 0.489035 282.246 SubMorph 3196 25927 0.0015768 931.496
220	1	12033	1.35132e+06	35792	572	51569	0	0.1 SuffixMorph 1143 8902 0.251566 169.559 Prefix 6765 52141 0.215802 1031.04 Suffix 10482 52141 0.561607 350.144 Stem 12745 52141 0.325676 2106.05 PrefixMorph 1331 2674 0.460365 321.199 SubMorph 3326 25783 0.00840822 926.555
230	1	12515.4	1.35058e+06	35284	608	51533	0	0.1 SuffixMorph 1170 8910 0.292762 132.399 Prefix 6589 52141 0.176479 1144.98 Suffix 10427 52141 0.569675 330.922 Stem 12617 52141 0.324877 2103.26 PrefixMorph 1307 2623 0.540865 235.645 SubMorph 3174 25735 0.00899836 871.299
240	1	12979.7	1.35031e+06	34932	606	51535	0	0.1 SuffixMorph 1200 8953 0.282253 149.001 Prefix 6283 52141 0.164342 1120.27 Suffix 10350 52141 0.579669 344.338 Stem 12624 52141 0.318889 2170.55 PrefixMorph 1243 2476 0.578619 182.94 SubMorph 3232 25590 0.0117265 890.261
250	1	13443.3	1.35032e+06	34817	529	51612	1	0.1 SuffixMorph 1223 9016 0.324205 127.923 Prefix 6321 52141 0.191518 1049.54 Suffix 10131 52141 0.561252 326.174 Stem 12700 52141 0.32642 2024.71 PrefixMorph 1260 2488 0.570539 221.483 SubMorph 3182 25853 0.00349264 908.021
260	1	13906.5	1.34961e+06	34655	538	51603	0	0.1 SuffixMorph 1200 8585 0.295628 138.006 Prefix 6623 52141 0.196359 1107.32 Suffix 9668 52141 0.551489 321.434 Stem 12637 52141 0.314668 2156.79 PrefixMorph 1274 2432 0.608386 174.882 SubMorph 3253 25698 0.00348431 962.661
270	1	14358.5	1.35285e+06	34101	585	51556	1	0.1 SuffixMorph 1124 8362 0.320834 100.719 Prefix 6471 52141 0.159019 1205.01 Suffix 9215 52141 0.533107 285.271 Stem 12760 52141 0.311077 2169.35 PrefixMorph 1213 2430 0.577093 134.184 SubMorph 3318 25695 0.0170884 929.319
280	1	14805.7	1.35195e+06	33584	504	51637	0	0.1 SuffixMorph 1149 8464 0.241286 177.412 Prefix 6333 52141 0.199339 1018.94 Suffix 8975 52141 0.506414 414.796 Stem 12669 52141 0.288989 2400.37 PrefixMorph 1221 2371 0.611258 151.771 SubMorph 3237 25513 0.000463211 945.671
290	1	15241.1	1.35178e+06	33848	492	51649	1	0.1 SuffixMorph 1211 8716 0.270158 157.229 Prefix 6209 52141 0.203556 1013.26 Suffix 9173 52141 0.523485 354.359 Stem 12825 52141 0.305276 2275.69 PrefixMorph 1181 2231 0.655201 108.277 SubMorph 3249 25786 0.0192779 874.459
300	1	15672.9	1.34882e+06	33898	478	51663	1	0.1 SuffixMorph 1171 8933 0.276678 155.842 Prefix 6269 52141 0.199981 998.415 Suffix 9467 52141 0.530947 366.643 Stem 12670 52141 0.293024 2332.19 PrefixMorph 1179 2227 0.550382 264.861 SubMorph 3142 25430 0.00600346 858.986
310	1	16113.9	1.34987e+06	33919	486	51655	1	0.1 SuffixMorph 1207 9096 0.244715 152.609 Prefix 6107 52141 0.220292 891.774 Suffix 9450 52141 0.520925 360.716 Stem 12788 52141 0.307171 2269.53 PrefixMorph 1167 2110 0.548426 264.588 SubMorph 3200 25768 0.0079323 897.207
320	1	16539.3	1.35359e+06	33816	491	51650	1	0.1 SuffixMorph 1214 9342 0.289975 153.132 Prefix 6048 52141 0.183831 957.438 Suffix 9448 52141 0.497865 439.288 Stem 12799 52141 0.278357 2518.75 PrefixMorph 1161 1979 0.642211 147.115 SubMorph 3146 25474 0.0209552 876.802
330	1	16964	1.3528e+06	33997	432	51709	1	0.1 SuffixMorph 1267 9519 0.284606 143.431 Prefix 6106 52141 0.210675 966.776 Suffix 9555 52141 0.511892 426.309 Stem 12809 52141 0.271754 2523.55 PrefixMorph 1057 1846 0.568233 173.118 SubMorph 3203 25548 0.000407163 951.442
340	1	17407.3	1.35019e+06	34343	440	51701	2	0.1 SuffixMorph 1317 9889 0.308784 137.067 Prefix 6429 52141 0.27885 744.572 Suffix 9747 52141 0.509045 500.355 Stem 12737 52141 0.260328 2550.23 PrefixMorph 992 1679 0.582694 184.715 SubMorph 3121 25415 0.0115605 889.261
350	1	17855.6	1.34739e+06	33977	444	51697	1	0.1 SuffixMorph 1346 9910 0.287066 174.797 Prefix 6272 52141 0.279759 713.279 Suffix 9647 52141 0.505283 488.142 Stem 12581 52141 0.253602 2654.08 PrefixMorph 980 1545 0.669761 136.45 SubMorph 3151 25176 0.0021383 922.667
360	1	18290.4	1.34712e+06	33895	410	51731	0	0.1 SuffixMorph 1328 10141 0.273784 167.95 Prefix 6082 52141 0.292227 645.699 Suffix 9789 52141 0.489784 539.726 Stem 12663 52141 0.285571 2374.6 PrefixMorph 919 1450 0.670829 146.218 SubMorph 3114 25072 0.00386579 922.645
370	1	18729.2	1.33927e+06	33539	382	51759	1	0.1 SuffixMorph 1289 10631 0.271764 168.155 Prefix 6061 52141 0.369974 441.488 Suffix 9875 52141 0.48846 540.767 Stem 12422 52141 0.266658 2334.3 PrefixMorph 815 1251 0.642267 104.151 SubMorph 3077 24582 0.0200949 865.115
380	1	19158.1	1.34001e+06	33590	367	51774	2	0.1 SuffixMorph 1341 10980 0.205089 216.255 Prefix 5949 52141 0.344239 486.51 Suffix 10071 52141 0.500607 563.06 Stem 12407 52141 0.264998 2402.72 PrefixMorph 743 1064 0.764405 46.933 SubMorph 3079 24569 0.0229731 873.588
390	1	19584.4	1.34172e+06	33421	353	51788	2	0.1 SuffixMorph 1382 11135 0.25167 175.971 Prefix 5815 52141 0.371041 406.915 Suffix 10061 52141 0.485722 554.675 Stem 12391 52141 0.276705 2362.88 PrefixMorph 674 925 0.743623 106.581 SubMorph 3098 24579 0.00875596 873.521
400	1	20001.4	1.33934e+06	33412	341	51800	0	0.1 SuffixMorph 1464 11567 0.29332 173.822 Prefix 5555 52141 0.356177 463.994 Suffix 10384 52141 0.507389 568.86 Stem 12342 52141 0.255565 2492.72 PrefixMorph 625 853 0.8395 16.0057 SubMorph 3042 24423 0.0231039 831.959
410	1	20408	1.33584e+06	33306	354	51787	0	0.1 SuffixMorph 1536 11480 0.31169 158.667 Prefix 5628 52141 0.367132 403.938 Suffix 10196 52141 0.485865 602.036 Stem 12296 52141 0.268459 2366.12 PrefixMorph 598 844 0.732437 106.582 SubMorph 3052 24352 0.008381 871.166
420	1	20815.2	1.33294e+06	33364	299	51842	2	0.1 SuffixMorph 1396 11715 0.166732 240.192 Prefix 5833 52141 0.396108 337.072 Suffix 10336 52141 0.507409 532.474 Stem 12140 52141 0.268982 2401.76 PrefixMorph 573 826 0.745239 59.5852 SubMorph 3086 24047 0.00471819 896.709
430	1	21233.1	1.33176e+06	33874	306	51835	0	0.1 SuffixMorph 1465 12098 0.273054 176.267 Prefix 5953 52141 0.431428 290.491 Suffix 10597 52141 0.518625 535.129 Stem 12203 52141 0.265042 2393.11 PrefixMorph 525 750 0.749738 84.3481 SubMorph 3131 24182 0.0142144 889.571
440	1	21659.2	1.33055e+06	33270	296	51845	0	0.1 SuffixMorph 1431 11751 0.233018 207.465 Prefix 5922 52141 0.424071 326.174 Suffix 10268 52141 0.485213 642.285 Stem 11992 52141 0.253893 2321.97 PrefixMorph 535 729 0.785026 36.6233 SubMorph 3122 23932 0.00422625 948.246
450	1	22085.3	1.32742e+06	33500	273	51868	0	0.1 SuffixMorph 1412 12128 0.216124 212.798 Prefix 5763 52141 0.437527 266.011 Suffix 10617 52141 0.501646 607.043 Stem 12032 52141 0.259779 2387.38 PrefixMorph 499 694 0.765934 66.3144 SubMorph 3177 23890 0.00377248 911.285
460	1	22507.9	1.32448e+06	33413	322	51819	0	0.1 SuffixMorph 1520 11694 0.277976 199.628 Prefix 6010 52141 0.452043 244.638 Suffix 10188 52141 0.497488 541.985 Stem 11993 52141 0.261805 2315.9 PrefixMorph 535 696 0.810419 26.9566 SubMorph 3167 24038 0.0093772 913.156
470	1	22922.1	1.32529e+06	33182	280	51861	1	0.1 SuffixMorph 1533 11810 0.25257 220.388 Prefix 5785 52141 0.467702 214.597 Suffix 10289 52141 0.48318 627.907 Stem 11877 52141 0.258441 2317.72 PrefixMorph 489 678 0.761685 53.9014 SubMorph 3209 23820 0.0130447 932.893
480	1	23354.5	1.32108e+06	33638	281	51860	3	0.1 SuffixMorph 1428 11991 0.236863 200.044 Prefix 5931 52141 0.475363 207.92 Suffix 10557 52141 0.496966 618.245 Stem 12047 52141 0.260643 2337.17 PrefixMorph 459 616 0.812475 20.6988 SubMorph 3216 24033 0.00758456 933.98
490	1	23875.2	1.32419e+06	33840	295	51846	1	0.1 SuffixMorph 1464 12003 0.290554 176.818 Prefix 6210 52141 0.469108 229.527 Suffix 10554 52141 0.498926 592.192 Stem 11979 52141 0.259482 2368.71 PrefixMorph 475 668 0.775108 16.9113 SubMorph 3158 23916 0.00533035 946.117
500	1	24322.7	1.32517e+06	34069	309	51832	1	0.1 SuffixMorph 1485 12022 0.278526 186.887 Prefix 6281 52141 0.463973 280.886 Suffix 10583 52141 0.494048 620.311 Stem 12082 52141 0.262092 2364.04 PrefixMorph 453 644 0.764052 50.6359 SubMorph 3185 24102 0.00349775 946.101
