# D = 1, E = 1, I = 1, P = 0, R = -1, n = 500, N = 1, P = 0, w = 1, a = 0.1, b = 1000, e = 1, f = 1, g = 10, h = 0.1, r = 1660667394, s = 1, S = 0, x = 10, m = 0, Z = 1, z = 0, T = 1, t = 1
# 519052 tokens in 50000 sentences
#
# It	Temp	Time	-logP	tables	same	changed	reject	default_pya	(parent pym pyn pya pyb)*
0	1	8.49637	2.71038e+06	446689	0	50000	0	0.1 Prefix 50000 50000 0.1 1000 Suffix 50000 50000 0.1 1000 Stem 50000 50000 0.1 1000 PrefixMorph 37012 37012 0.1 1000 SuffixMorph 37056 37056 0.1 1000 SubMorph 222621 222621 0.1 1000
10	1	1079.01	1.36226e+06	41988	659	49341	1	0.1 Prefix 10336 50000 0.0568965 3358 Suffix 10702 50000 0.282928 1856.35 Stem 11246 50000 0.183405 2790.79 PrefixMorph 3668 7430 0.447667 900.687 SuffixMorph 1615 5992 0.41004 191.175 SubMorph 4421 24260 0.0120426 1456.07
20	1	1705.6	1.33786e+06	38986	635	49365	0	0.1 Prefix 9184 50000 0.0618413 2632.87 Suffix 10423 50000 0.397167 1127.8 Stem 11108 50000 0.198488 2577.84 PrefixMorph 3285 5867 0.555205 675.88 SuffixMorph 1258 6773 0.319022 155.57 SubMorph 3728 23938 0.000895244 1185.45
30	1	2283.93	1.32235e+06	37437	574	49426	2	0.1 Prefix 8375 50000 0.128818 1991.6 Suffix 10751 50000 0.469673 835.608 Stem 11063 50000 0.230124 2355.95 PrefixMorph 2698 4804 0.547696 540.151 SuffixMorph 1233 7357 0.327955 133.867 SubMorph 3317 23871 0.000431473 993.581
40	1	2843.48	1.31505e+06	37009	605	49395	0	0.1 Prefix 8070 50000 0.158994 1744.28 Suffix 10649 50000 0.486754 657.423 Stem 11535 50000 0.297609 2046.88 PrefixMorph 2306 4094 0.588056 422.347 SuffixMorph 1242 7642 0.347414 133.827 SubMorph 3207 24569 0.00864194 891.082
50	1	3377.91	1.3122e+06	35696	573	49427	1	0.1 Prefix 7409 50000 0.120884 1706.7 Suffix 10286 50000 0.500154 601.429 Stem 11742 50000 0.327791 1882.02 PrefixMorph 1985 3656 0.555293 339.111 SuffixMorph 1196 7693 0.310736 159.227 SubMorph 3078 24729 0.000741345 913.743
60	1	3884.9	1.30713e+06	35037	548	49452	2	0.1 Prefix 7354 50000 0.137027 1600.8 Suffix 9905 50000 0.511097 479.261 Stem 11551 50000 0.291096 2026.44 PrefixMorph 1848 3467 0.559662 313.103 SuffixMorph 1199 7630 0.380453 110.68 SubMorph 3180 24464 0.00831058 947.408
70	1	4389.01	1.30391e+06	34967	510	49490	3	0.1 Prefix 7536 50000 0.164052 1483.87 Suffix 9479 50000 0.512095 465.295 Stem 11995 50000 0.33197 1879.82 PrefixMorph 1753 3255 0.556604 305.904 SuffixMorph 1133 7679 0.321985 131.099 SubMorph 3071 24785 0.00838075 839.329
80	1	4872.95	1.30038e+06	34500	523	49477	0	0.1 Prefix 7204 50000 0.15315 1484.76 Suffix 9472 50000 0.513962 435.475 Stem 11865 50000 0.300573 2092.3 PrefixMorph 1694 3036 0.553272 331.48 SuffixMorph 1166 7857 0.334703 114.959 SubMorph 3099 24611 0.000947843 888.186
90	1	5355.48	1.29957e+06	34285	539	49461	0	0.1 Prefix 7063 50000 0.18393 1337.26 Suffix 9394 50000 0.492305 544.093 Stem 11981 50000 0.309891 2005.96 PrefixMorph 1606 2935 0.57045 289.926 SuffixMorph 1185 7778 0.358909 97.1276 SubMorph 3056 24695 0.0334086 771.036
100	1	5824.76	1.29943e+06	33763	482	49518	1	0.1 Prefix 6745 50000 0.144012 1414.29 Suffix 9188 50000 0.506704 471.784 Stem 12108 50000 0.320521 2000.57 PrefixMorph 1500 2770 0.576447 226.068 SuffixMorph 1131 7847 0.353476 109.208 SubMorph 3091 24819 0.00580966 868.315
110	1	6283.9	1.29728e+06	33457	539	49461	2	0.1 Prefix 6734 50000 0.179894 1226.01 Suffix 9096 50000 0.502372 452.698 Stem 11980 50000 0.313811 2001.52 PrefixMorph 1418 2672 0.585157 241.776 SuffixMorph 1142 7918 0.308235 125.396 SubMorph 3087 24653 0.0147417 874.553
120	1	6735.01	1.29591e+06	33237	462	49538	0	0.1 Prefix 6658 50000 0.159796 1281.84 Suffix 8857 50000 0.485953 481.972 Stem 12117 50000 0.318709 2054.57 PrefixMorph 1409 2662 0.588889 210.539 SuffixMorph 1123 7658 0.312227 121.646 SubMorph 3073 24729 0.00521696 885.316
130	1	7169.52	1.29515e+06	33060	490	49510	2	0.1 Prefix 6313 50000 0.135857 1249.94 Suffix 8853 50000 0.508243 400.312 Stem 12369 50000 0.312995 2097.88 PrefixMorph 1330 2553 0.533305 252.844 SuffixMorph 1090 7849 0.338629 96.5177 SubMorph 3105 25031 0.00471316 861.812
140	1	7595.96	1.29506e+06	32951	488	49512	2	0.1 Prefix 6178 50000 0.148549 1154.49 Suffix 8936 50000 0.521634 373.984 Stem 12181 50000 0.317075 2114.7 PrefixMorph 1371 2452 0.620085 201.402 SuffixMorph 1157 8008 0.33902 112.987 SubMorph 3128 25011 0.00531739 892.956
150	1	8019.16	1.29311e+06	32122	457	49543	1	0.1 Prefix 6049 50000 0.173236 1034.52 Suffix 8430 50000 0.472432 445.451 Stem 12170 50000 0.303741 2139.67 PrefixMorph 1301 2368 0.548079 248.232 SuffixMorph 1103 7704 0.319107 119.769 SubMorph 3069 24796 0.000618453 889.258
160	1	8428.99	1.29653e+06	32183	450	49550	0	0.1 Prefix 5832 50000 0.139848 1117.69 Suffix 8567 50000 0.465946 521.67 Stem 12166 50000 0.287816 2292.42 PrefixMorph 1284 2304 0.614233 178.5 SuffixMorph 1232 7939 0.343415 126.806 SubMorph 3102 24739 0.00102907 886.761
170	1	8833.53	1.29825e+06	32443	389	49611	1	0.1 Prefix 5708 50000 0.115727 1172.77 Suffix 9065 50000 0.493868 468.926 Stem 12211 50000 0.287578 2295.18 PrefixMorph 1176 2116 0.613336 170.975 SuffixMorph 1202 8453 0.357512 105.001 SubMorph 3081 24704 0.0260244 835.067
180	1	9236.52	1.29947e+06	32124	396	49604	1	0.1 Prefix 5575 50000 0.111706 1158.31 Suffix 8830 50000 0.48596 470.92 Stem 12125 50000 0.280967 2269.76 PrefixMorph 1144 1888 0.667441 141.685 SuffixMorph 1299 8392 0.379252 104.11 SubMorph 3151 24580 0.00261922 875.685
190	1	9637.83	1.29756e+06	31778	399	49601	1	0.1 Prefix 5458 50000 0.144288 991.479 Suffix 8698 50000 0.451816 615.025 Stem 12223 50000 0.289602 2220.67 PrefixMorph 1092 1843 0.661248 153.555 SuffixMorph 1284 8333 0.353926 121.89 SubMorph 3023 24710 0.0124913 816.742
200	1	10033.9	1.29818e+06	31703	363	49637	0	0.1 Prefix 5346 50000 0.149227 931.953 Suffix 8938 50000 0.461921 540.791 Stem 12069 50000 0.300497 2161.73 PrefixMorph 1008 1652 0.678724 126.6 SuffixMorph 1229 8698 0.290645 162.584 SubMorph 3113 24233 0.0170708 859.632
210	1	10434.2	1.29628e+06	31996	396	49604	1	0.1 Prefix 5686 50000 0.216874 813.841 Suffix 8893 50000 0.435749 662.276 Stem 12001 50000 0.284659 2256.98 PrefixMorph 1008 1609 0.685225 104.623 SuffixMorph 1305 8787 0.340893 153.646 SubMorph 3103 24192 0.0272886 811.108
220	1	10832.3	1.2934e+06	31962	387	49613	1	0.1 Prefix 5812 50000 0.213164 851.073 Suffix 8836 50000 0.433159 654.808 Stem 12079 50000 0.281627 2379.06 PrefixMorph 957 1515 0.722702 58.8243 SuffixMorph 1292 8956 0.353585 123.072 SubMorph 2986 24245 0.00148756 868.919
230	1	11235	1.29172e+06	31576	330	49670	0	0.1 Prefix 5447 50000 0.256191 651.258 Suffix 9028 50000 0.438128 647.588 Stem 11992 50000 0.265562 2351.94 PrefixMorph 883 1431 0.71333 84.3497 SuffixMorph 1233 9297 0.257552 161.778 SubMorph 2993 23867 0.00105819 845.89
240	1	11627.8	1.29221e+06	31530	330	49670	2	0.1 Prefix 5383 50000 0.23689 701.486 Suffix 9022 50000 0.444356 633.537 Stem 11977 50000 0.262112 2366.71 PrefixMorph 843 1297 0.760355 72.4561 SuffixMorph 1265 9420 0.283585 154.704 SubMorph 3040 23802 0.0147642 846.069
250	1	12007.1	1.28909e+06	31292	320	49680	0	0.1 Prefix 5249 50000 0.260402 611.312 Suffix 8923 50000 0.423273 714.054 Stem 11915 50000 0.272685 2384.2 PrefixMorph 817 1263 0.70777 63.4518 SuffixMorph 1311 9450 0.297085 154.097 SubMorph 3077 23704 0.0130846 845.509
260	1	12393.1	1.28696e+06	31980	366	49634	0	0.1 Prefix 5576 50000 0.302185 533.729 Suffix 9406 50000 0.456609 668.541 Stem 11839 50000 0.262579 2361.09 PrefixMorph 788 1210 0.689882 90.3617 SuffixMorph 1361 9956 0.300232 148.369 SubMorph 3010 23699 0.00198793 845.18
270	1	12783.9	1.28419e+06	31939	317	49683	1	0.1 Prefix 5513 50000 0.350023 412.982 Suffix 9773 50000 0.470243 658.667 Stem 11552 50000 0.241117 2423.91 PrefixMorph 756 1128 0.745251 58.2639 SuffixMorph 1413 10368 0.294995 169.117 SubMorph 2932 23257 0.00104982 840.741
280	1	13174.7	1.28136e+06	32102	323	49677	0	0.1 Prefix 5717 50000 0.345176 464.3 Suffix 9625 50000 0.459094 670.99 Stem 11688 50000 0.252924 2357.92 PrefixMorph 719 1021 0.731797 109.312 SuffixMorph 1380 10395 0.359331 108.106 SubMorph 2973 23435 0.00262103 844.278
290	1	13572.1	1.28074e+06	32091	323	49677	2	0.1 Prefix 5993 50000 0.383604 385.875 Suffix 9411 50000 0.44897 640.918 Stem 11546 50000 0.244699 2297.12 PrefixMorph 676 911 0.791851 37.5997 SuffixMorph 1380 10327 0.300528 168.459 SubMorph 3085 23258 0.0139051 919.208
300	1	13980.5	1.2804e+06	31980	256	49744	0	0.1 Prefix 5842 50000 0.36396 421.974 Suffix 9625 50000 0.47099 632.372 Stem 11483 50000 0.256446 2327.65 PrefixMorph 631 903 0.760959 35.0321 SuffixMorph 1449 10633 0.348552 104.217 SubMorph 2950 23214 0.013646 792.168
310	1	14381.1	1.28006e+06	32036	320	49680	1	0.1 Prefix 5836 50000 0.384136 434.536 Suffix 9600 50000 0.453163 659.607 Stem 11553 50000 0.234355 2536.45 PrefixMorph 627 841 0.838643 0.0521975 SuffixMorph 1435 10517 0.361289 143.273 SubMorph 2985 23278 0.00098984 882.689
320	1	14784	1.27864e+06	31538	289	49711	3	0.1 Prefix 5899 50000 0.390591 376.034 Suffix 9064 50000 0.424427 745.344 Stem 11643 50000 0.285272 2083.79 PrefixMorph 606 803 0.73166 125.779 SuffixMorph 1398 10067 0.344668 141.856 SubMorph 2928 23338 0.00639594 842.441
330	1	15178.8	1.27419e+06	31428	282	49718	0	0.1 Prefix 5763 50000 0.430089 283.066 Suffix 9204 50000 0.439029 684.593 Stem 11414 50000 0.230277 2442.35 PrefixMorph 581 776 0.838739 24.8572 SuffixMorph 1512 10250 0.387805 128.542 SubMorph 2954 23143 0.000745656 814.861
340	1	15577.6	1.2762e+06	31626	294	49706	3	0.1 Prefix 5766 50000 0.400471 362.807 Suffix 9381 50000 0.447395 665.663 Stem 11480 50000 0.223365 2521.17 PrefixMorph 571 715 0.866822 0.104705 SuffixMorph 1386 10532 0.277326 164.31 SubMorph 3042 22983 0.0103064 903.992
350	1	15980.7	1.27669e+06	31384	266	49734	1	0.1 Prefix 5661 50000 0.375869 403.739 Suffix 9445 50000 0.449935 668.522 Stem 11296 50000 0.226413 2478.23 PrefixMorph 525 670 0.854668 7.81189 SuffixMorph 1455 10480 0.359023 139.528 SubMorph 3002 22781 0.00273493 863.916
360	1	16385	1.2754e+06	32098	283	49717	1	0.1 Prefix 6046 50000 0.409669 343.083 Suffix 9553 50000 0.460973 656.534 Stem 11425 50000 0.23984 2402.23 PrefixMorph 506 634 0.886431 9.41422 SuffixMorph 1521 10730 0.335734 136.145 SubMorph 3047 22923 0.00726474 901.751
370	1	16791.5	1.27334e+06	31514	279	49721	1	0.1 Prefix 5963 50000 0.382831 399.94 Suffix 9226 50000 0.460813 598.592 Stem 11318 50000 0.233057 2372.54 PrefixMorph 489 597 0.895315 14.91 SuffixMorph 1536 10545 0.375444 131.262 SubMorph 2982 22854 0.00351819 849.006
380	1	17195.4	1.27209e+06	31887	276	49724	0	0.1 Prefix 5986 50000 0.434491 292.376 Suffix 9692 50000 0.472478 637.391 Stem 11254 50000 0.232656 2392.21 PrefixMorph 503 611 0.902499 7.44654 SuffixMorph 1465 11066 0.329569 120.408 SubMorph 2987 22784 0.000600617 869.91
390	1	17596.4	1.27433e+06	31375	306	49694	1	0.1 Prefix 5961 50000 0.404084 354.174 Suffix 9301 50000 0.454891 656.445 Stem 11272 50000 0.220307 2476.93 PrefixMorph 488 590 0.820973 71.4478 SuffixMorph 1447 10651 0.306701 143.629 SubMorph 2906 22787 0.00826878 798.126
400	1	18003.4	1.27316e+06	31372	311	49689	1	0.1 Prefix 6157 50000 0.410506 368.265 Suffix 9041 50000 0.446799 623.162 Stem 11289 50000 0.233021 2428.74 PrefixMorph 459 585 0.848464 26.8021 SuffixMorph 1430 10453 0.361439 134.816 SubMorph 2996 22775 5.18096e-05 891.399
410	1	18396.2	1.27252e+06	31241	271	49729	1	0.1 Prefix 5762 50000 0.398812 371.322 Suffix 8982 50000 0.446727 598.351 Stem 11575 50000 0.25906 2333.37 PrefixMorph 460 581 0.81313 77.6953 SuffixMorph 1532 10221 0.356014 150.554 SubMorph 2930 23230 0.000105112 842.892
420	1	18791	1.27386e+06	31041	327	49673	3	0.1 Prefix 5686 50000 0.400761 369.721 Suffix 9027 50000 0.437517 608.03 Stem 11402 50000 0.237172 2467.8 PrefixMorph 438 548 0.839203 17.55 SuffixMorph 1451 10311 0.356274 141.627 SubMorph 3037 22864 0.00340284 890.076
430	1	19185.1	1.2727e+06	31613	306	49694	1	0.1 Prefix 5701 50000 0.413157 298.395 Suffix 9633 50000 0.454374 657.3 Stem 11420 50000 0.234035 2499.25 PrefixMorph 459 538 0.936316 4.98629 SuffixMorph 1400 10835 0.322503 140.09 SubMorph 3000 22839 0.0150655 865.356
440	1	19580.5	1.27484e+06	31620	263	49737	1	0.1 Prefix 5619 50000 0.403822 345.352 Suffix 9743 50000 0.45415 708.486 Stem 11286 50000 0.217555 2493.69 PrefixMorph 443 533 0.905585 0.795707 SuffixMorph 1507 10850 0.34999 150.011 SubMorph 3022 22834 0.0267849 830.933
450	1	19972.5	1.27487e+06	31533	271	49729	1	0.1 Prefix 5576 50000 0.387992 381.003 Suffix 9677 50000 0.446316 729.217 Stem 11400 50000 0.227768 2436.29 PrefixMorph 437 536 0.892995 6.63279 SuffixMorph 1523 10822 0.370389 122.942 SubMorph 2920 22843 0.00914592 815.778
460	1	20364.2	1.27407e+06	31388	283	49717	1	0.1 Prefix 5450 50000 0.388835 355.526 Suffix 9523 50000 0.464156 629.414 Stem 11436 50000 0.224521 2558.97 PrefixMorph 443 534 0.925146 0.00373668 SuffixMorph 1470 10531 0.338745 138.592 SubMorph 3066 23070 0.00322434 914.054
470	1	20744.4	1.27379e+06	31465	273	49727	0	0.1 Prefix 5432 50000 0.402103 312.895 Suffix 9646 50000 0.439639 729.455 Stem 11561 50000 0.238214 2419.52 PrefixMorph 430 501 0.896548 2.67211e-09 SuffixMorph 1393 10747 0.323425 140.708 SubMorph 3003 23079 0.00420476 871.124
480	1	21129.6	1.2733e+06	31218	277	49723	0	0.1 Prefix 5319 50000 0.397817 302.934 Suffix 9604 50000 0.429955 793.748 Stem 11463 50000 0.238844 2322.05 PrefixMorph 428 513 0.900003 1.68797 SuffixMorph 1424 10616 0.306494 159.394 SubMorph 2980 23028 0.00152883 847.123
490	1	21516.6	1.27186e+06	31474	284	49716	0	0.1 Prefix 5600 50000 0.424696 292.347 Suffix 9633 50000 0.455658 669.453 Stem 11377 50000 0.239121 2385.5 PrefixMorph 457 513 0.956132 2.9267 SuffixMorph 1420 10634 0.327821 141.574 SubMorph 2987 22978 0.00295766 854.974
500	1	21911.1	1.26838e+06	31231	300	49700	1	0.1 Prefix 5478 50000 0.418346 276.712 Suffix 9506 50000 0.457381 608.323 Stem 11393 50000 0.231799 2436.2 PrefixMorph 446 514 0.917107 33.0093 SuffixMorph 1457 10647 0.376407 108.054 SubMorph 2951 22904 0.00674722 847.009
