# D = 1, E = 1, I = 1, P = 0, R = -1, n = 500, N = 1, P = 0, w = 1, a = 0.1, b = 1000, e = 1, f = 1, g = 10, h = 0.1, r = 1599184289, s = 1, S = 0, x = 10, m = 0, Z = 1, z = 0, T = 1, t = 1
# 529804 tokens in 50507 sentences
#
# It	Temp	Time	-logP	tables	same	changed	reject	default_pya	(parent pym pyn pya pyb)*
0	1	8.764	2.4643e+06	317887	0	50507	0	0.1 SubMorph 212795 212795 0.1 1000 Morph 105092 105092 0.1 1000
10	1	1702.9	1.30056e+06	32306	9140	41367	0	0.1 SubMorph 6683 44711 0.0151874 2013.48 Morph 25623 107006 0.0993349 8154.33
20	1	2427.86	1.26263e+06	29577	9941	40566	1	0.1 SubMorph 5271 43615 0.00693929 1496.09 Morph 24306 105663 0.1374 6844.62
30	1	3087.68	1.24203e+06	28973	10527	39980	1	0.1 SubMorph 5011 43451 0.0170176 1350.47 Morph 23962 104835 0.199465 5637.79
40	1	3672.37	1.23145e+06	27943	10733	39774	0	0.1 SubMorph 4626 42705 0.000629286 1271.16 Morph 23317 104626 0.212322 5253.51
50	1	4254.07	1.22509e+06	27799	10763	39744	0	0.1 SubMorph 4497 43034 0.00364969 1224.64 Morph 23302 104261 0.220042 5061.63
60	1	4814.48	1.21601e+06	27658	11039	39468	1	0.1 SubMorph 4440 42939 0.00536666 1194.62 Morph 23218 103991 0.235336 4832.1
70	1	5396.92	1.21325e+06	27541	11226	39281	3	0.1 SubMorph 4442 42824 0.00736353 1199.19 Morph 23099 103946 0.251637 4543.39
80	1	5951.28	1.20935e+06	27501	11671	38836	1	0.1 SubMorph 4432 42889 0.00700862 1181.6 Morph 23069 103885 0.246102 4668.68
90	1	6516.92	1.2045e+06	27052	11885	38622	2	0.1 SubMorph 4299 42626 0.00556278 1173.08 Morph 22753 103669 0.250045 4486.89
100	1	7052.08	1.20282e+06	27343	12054	38453	0	0.1 SubMorph 4496 42744 0.00969284 1180.1 Morph 22847 103540 0.27218 4212.59
110	1	7592.45	1.19999e+06	27141	12157	38350	2	0.1 SubMorph 4446 42588 0.000838239 1196 Morph 22695 103478 0.257957 4289.72
120	1	8135.14	1.19996e+06	27355	11961	38546	0	0.1 SubMorph 4398 43102 0.0117394 1162.07 Morph 22957 103148 0.268507 4233.52
130	1	8671.88	1.19526e+06	27203	12501	38006	2	0.1 SubMorph 4388 43046 0.00343455 1168.87 Morph 22815 102887 0.271301 4197.49
140	1	9233.98	1.19422e+06	27437	12344	38163	2	0.1 SubMorph 4446 43082 0.0141403 1116.67 Morph 22991 103045 0.281894 4116.74
150	1	9778.6	1.19403e+06	27580	12696	37811	1	0.1 SubMorph 4576 43075 0.0115519 1196.77 Morph 23004 103032 0.284156 4057.02
160	1	10318.6	1.19115e+06	27098	12664	37843	2	0.1 SubMorph 4485 42713 0.0178638 1206.17 Morph 22613 102801 0.287285 3924.63
170	1	10847.4	1.19152e+06	26977	12716	37791	3	0.1 SubMorph 4430 42545 0.00171702 1163.08 Morph 22547 103083 0.278376 4019.4
180	1	11387.4	1.18899e+06	26952	12714	37793	1	0.1 SubMorph 4315 42704 0.00346959 1157.55 Morph 22637 102882 0.28621 3867.75
190	1	11929.7	1.18649e+06	26962	12886	37621	6	0.1 SubMorph 4362 42812 0.0203546 1100.02 Morph 22600 102741 0.287306 3876.69
200	1	12464.6	1.18673e+06	26915	12846	37661	0	0.1 SubMorph 4416 42879 0.0243304 1114.68 Morph 22499 102669 0.290188 3805.47
210	1	12983.4	1.18663e+06	27215	12927	37580	1	0.1 SubMorph 4396 43025 0.00408407 1207.73 Morph 22819 102720 0.292447 3834.01
220	1	13528.8	1.18429e+06	26951	13343	37164	0	0.1 SubMorph 4458 42726 0.0150245 1174.12 Morph 22493 102689 0.288731 3847.42
230	1	14036.5	1.18301e+06	26974	13381	37126	1	0.1 SubMorph 4461 42727 0.00886916 1193.01 Morph 22513 102701 0.29417 3734
240	1	14569.8	1.18311e+06	27234	13452	37055	2	0.1 SubMorph 4448 43118 0.0192314 1193.29 Morph 22786 102580 0.297327 3805.28
250	1	15091.2	1.18129e+06	27180	13644	36863	2	0.1 SubMorph 4433 43146 0.0284542 1117.25 Morph 22747 102462 0.29158 3953.29
260	1	15602.1	1.18275e+06	27260	13614	36893	0	0.1 SubMorph 4518 43031 0.0215002 1167.97 Morph 22742 102708 0.289915 3854.91
270	1	16144	1.17948e+06	27063	13848	36659	0	0.1 SubMorph 4610 42566 0.0367973 1135.71 Morph 22453 102645 0.306327 3619.94
280	1	16660.2	1.1808e+06	27215	13617	36890	4	0.1 SubMorph 4554 42983 0.0173108 1196.43 Morph 22661 102500 0.318863 3536.07
290	1	17172.4	1.17813e+06	27432	13702	36805	0	0.1 SubMorph 4477 43322 0.0117492 1167.5 Morph 22955 102147 0.321303 3580.84
300	1	17707.9	1.17913e+06	27210	13548	36959	2	0.1 SubMorph 4449 42838 0.00377823 1194.28 Morph 22761 102519 0.318218 3641.79
310	1	18227.3	1.18231e+06	27162	13252	37255	0	0.1 SubMorph 4599 42661 0.00456031 1248.52 Morph 22563 102500 0.299815 3880.96
320	1	18752.7	1.1823e+06	27041	13191	37316	2	0.1 SubMorph 4543 42681 0.00496472 1231.71 Morph 22498 102411 0.288289 3925.74
330	1	19275.3	1.17867e+06	27162	13289	37218	4	0.1 SubMorph 4626 42553 0.00953128 1294.43 Morph 22536 102442 0.315071 3395.48
340	1	19811.1	1.17812e+06	27210	13068	37439	1	0.1 SubMorph 4712 42384 0.0246048 1251.3 Morph 22498 102394 0.30366 3723.03
350	1	20346.3	1.17756e+06	27367	13323	37184	0	0.1 SubMorph 4691 42628 0.0115965 1246.52 Morph 22676 102281 0.314047 3544.79
360	1	20891.5	1.17717e+06	27380	13457	37050	1	0.1 SubMorph 4757 42806 0.0482662 1149.78 Morph 22623 102239 0.322175 3502.98
370	1	21430.2	1.17466e+06	27315	13547	36960	0	0.1 SubMorph 4740 42561 0.029969 1157.87 Morph 22575 102324 0.321371 3364.89
380	1	21960.3	1.1713e+06	27028	14112	36395	2	0.1 SubMorph 4582 42674 0.00381329 1250.92 Morph 22446 101988 0.323657 3456.56
390	1	22501.2	1.17294e+06	27267	13923	36584	2	0.1 SubMorph 4590 43043 0.0019516 1231.89 Morph 22677 101849 0.321886 3471.99
400	1	23027.1	1.17399e+06	27314	13816	36691	0	0.1 SubMorph 4676 42670 0.0200393 1221.81 Morph 22638 102171 0.326957 3418.79
410	1	23549.4	1.1745e+06	27273	13660	36847	3	0.1 SubMorph 4630 42792 0.0124226 1271.76 Morph 22643 102057 0.314809 3545.56
420	1	24086.4	1.17605e+06	27463	13470	37037	2	0.1 SubMorph 4710 42761 0.0242181 1216.68 Morph 22753 102228 0.323655 3444.49
430	1	24629.6	1.1786e+06	27528	13406	37101	3	0.1 SubMorph 4734 43200 0.0276491 1185.77 Morph 22794 101913 0.299464 3846.59
440	1	25165.6	1.17553e+06	27349	13438	37069	0	0.1 SubMorph 4502 43201 0.0202697 1214.08 Morph 22847 102062 0.331199 3446.39
450	1	25700.4	1.1727e+06	27387	13767	36740	2	0.1 SubMorph 4622 43377 0.0139357 1221 Morph 22765 101702 0.321868 3529.51
460	1	26231.5	1.17507e+06	27366	13510	36997	1	0.1 SubMorph 4626 43233 0.0132322 1182.33 Morph 22740 101909 0.333413 3296.44
470	1	26771.7	1.17337e+06	27340	13745	36762	2	0.1 SubMorph 4589 42968 0.00104602 1248.62 Morph 22751 102038 0.31375 3711.08
480	1	27320.9	1.17217e+06	27309	13626	36881	2	0.1 SubMorph 4634 42926 1.58434e-05 1284.6 Morph 22675 101832 0.330046 3354.2
490	1	27856.4	1.17469e+06	27327	13535	36972	0	0.1 SubMorph 4701 42669 0.0160642 1245.97 Morph 22626 102081 0.305612 3760.04
500	1	28409.2	1.17441e+06	27627	13481	37026	2	0.1 SubMorph 4708 43219 0.0239723 1244.12 Morph 22919 101852 0.307931 3686.31
