# D = 1, E = 1, I = 1, P = 0, R = -1, n = 500, N = 1, P = 0, w = 1, a = 0.1, b = 1000, e = 1, f = 1, g = 10, h = 0.1, r = 1580834357, s = 1, S = 0, x = 10, m = 0, Z = 1, z = 0, T = 1, t = 1
# 529804 tokens in 50507 sentences
#
# It	Temp	Time	-logP	tables	same	changed	reject	default_pya	(parent pym pyn pya pyb)*
0	1	16.716	2.66013e+06	404114	0	50507	0	0.1 StemSuffixes 50507 50507 0.1 1000 SubMorph 227286 227286 0.1 1000 Prefix 38044 38044 0.1 1000 Suffix 37770 37770 0.1 1000 Stem 50507 50507 0.1 1000
10	1	1674.86	1.15293e+06	44246	10757	39750	1	0.1 StemSuffixes 22348 50507 0.802671 182.429 SubMorph 5345 28761 0.0117698 1801.98 Prefix 10230 46008 0.00319841 3842.43 Suffix 1273 20232 0.0226944 278.071 Stem 5050 22348 0.00161847 1841.86
20	1	2325.92	1.10318e+06	41379	13625	36882	1	0.1 StemSuffixes 21547 50507 0.832144 77.9361 SubMorph 4199 27880 0.0171029 1242.73 Prefix 10210 45835 0.00311124 3811.58 Suffix 816 19818 0.00577476 158.955 Stem 4607 21547 0.0203752 1610.39
30	1	2922.06	1.08142e+06	40386	15741	34766	0	0.1 StemSuffixes 21103 50507 0.846596 29.0507 SubMorph 3925 27767 0.00600582 1206.89 Prefix 10172 45627 0.00813288 3720.67 Suffix 679 19548 0.00942001 134.156 Stem 4507 21103 0.0130832 1658.36
40	1	3482.64	1.06629e+06	39574	17747	32760	1	0.1 StemSuffixes 20379 50507 0.850998 35.5449 SubMorph 3798 28139 0.00547579 1128.19 Prefix 10366 45693 0.00533932 3949.29 Suffix 585 18777 0.00799634 113.79 Stem 4446 20379 0.0135084 1558.01
50	1	4021.24	1.05196e+06	38909	19195	31312	0	0.1 StemSuffixes 19670 50507 0.850686 3.47914 SubMorph 3911 27978 0.0112764 1153.8 Prefix 10495 45726 0.0046427 3947.44 Suffix 530 18176 0.0194935 101.567 Stem 4303 19670 0.00279419 1602.09
60	1	4558.78	1.04427e+06	38455	20202	30305	0	0.1 StemSuffixes 19433 50507 0.854982 10.8078 SubMorph 3778 28086 0.000372473 1102.9 Prefix 10569 45792 0.000681145 4003.47 Suffix 483 17979 0.0063464 84.574 Stem 4192 19433 0.00273037 1567.61
70	1	5090.78	1.03661e+06	37769	21260	29247	0	0.1 StemSuffixes 18816 50507 0.843519 8.51588 SubMorph 3717 28038 0.0019101 1051.07 Prefix 10557 45940 0.00646785 3952.3 Suffix 462 17440 0.0168758 75.8017 Stem 4217 18816 0.00043043 1646.43
80	1	5594.99	1.0316e+06	37359	22152	28355	1	0.1 StemSuffixes 18265 50507 0.844521 3.89691e-17 SubMorph 3754 28155 0.00402896 1095.35 Prefix 10803 46245 0.00386992 4098.41 Suffix 445 16885 0.0487642 68.9462 Stem 4092 18265 0.0010627 1572.19
90	1	6120.5	1.02788e+06	37427	22505	28002	0	0.1 StemSuffixes 17989 50507 0.842157 10.4361 SubMorph 3795 28674 0.00621865 1116.04 Prefix 11115 46192 0.00348569 4307.38 Suffix 420 16618 0.0302923 60.6685 Stem 4108 17989 0.00641839 1491.04
100	1	6628.68	1.02198e+06	36611	22917	27590	0	0.1 StemSuffixes 17415 50507 0.84057 13.4876 SubMorph 3706 28485 0.00246756 1061.93 Prefix 11159 46443 0.0383376 4005.47 Suffix 426 16106 0.0177213 67.8834 Stem 3905 17415 0.00260571 1459.48
110	1	7130.64	1.01895e+06	36585	23532	26975	1	0.1 StemSuffixes 17289 50507 0.841196 1.36104 SubMorph 3706 28477 0.00130228 1062.58 Prefix 11199 46515 0.0182691 4259.14 Suffix 400 15943 0.0282884 67.3912 Stem 3991 17289 0.00340927 1511.58
120	1	7638.63	1.01643e+06	36425	23674	26833	0	0.1 StemSuffixes 16914 50507 0.839845 2.52848 SubMorph 3845 28657 0.00299552 1152.33 Prefix 11443 46572 0.0288201 4334.67 Suffix 391 15613 0.0141775 68.6888 Stem 3832 16914 0.00887921 1397.6
130	1	8152.75	1.01147e+06	36099	24569	25938	0	0.1 StemSuffixes 16716 50507 0.843769 5.42643 SubMorph 3797 28534 0.0039571 1129.6 Prefix 11335 46627 0.0115931 4298.97 Suffix 393 15389 0.0681403 55.059 Stem 3858 16716 0.000412889 1484.72
140	1	8682.77	1.01031e+06	36241	24530	25977	0	0.1 StemSuffixes 16740 50507 0.852566 3.13116e-13 SubMorph 3833 28649 0.00887256 1123.02 Prefix 11450 46683 0.00372304 4462.07 Suffix 387 15382 0.0460345 61.5243 Stem 3831 16740 0.0139864 1412.91
150	1	9193.5	1.00603e+06	35887	24744	25763	0	0.1 StemSuffixes 16513 50507 0.842782 1.65736 SubMorph 3681 28810 0.00567683 1069.76 Prefix 11538 46689 0.066154 3994.87 Suffix 368 15134 0.00646818 69.5028 Stem 3787 16513 0.00437634 1435.11
160	1	9675.15	1.00709e+06	35704	24876	25631	0	0.1 StemSuffixes 16291 50507 0.841131 0.164474 SubMorph 3761 28879 0.000932949 1093.81 Prefix 11601 46839 0.0249669 4469.24 Suffix 360 14960 0.0510082 51.4987 Stem 3691 16291 0.0175855 1386.29
170	1	10155.4	1.00469e+06	35272	25153	25354	1	0.1 StemSuffixes 15855 50507 0.837786 10.3989 SubMorph 3737 28912 0.00146985 1119.57 Prefix 11588 46953 0.0243069 4351.15 Suffix 330 14478 0.00257205 59.3652 Stem 3762 15855 0.0190865 1394.98
180	1	10644.9	1.00384e+06	35447	25068	25439	1	0.1 StemSuffixes 15752 50507 0.837061 7.61681 SubMorph 3805 29049 0.000537532 1125.53 Prefix 11788 46987 0.0303168 4599.73 Suffix 344 14428 0.0604969 51.0272 Stem 3758 15752 0.00921793 1438.87
190	1	11176.1	1.00017e+06	35279	25521	24986	0	0.1 StemSuffixes 15720 50507 0.833302 1.605 SubMorph 3884 28687 0.00560151 1148.8 Prefix 11710 46958 0.0163762 4503.39 Suffix 337 14408 0.0265536 52.4259 Stem 3628 15720 0.00566869 1390.02
200	1	11670.4	999316	35207	25986	24521	1	0.1 StemSuffixes 15546 50507 0.837784 10.1159 SubMorph 3911 28922 0.00321504 1170.78 Prefix 11782 47037 0.0206003 4487.76 Suffix 328 14242 0.0804396 47.3579 Stem 3640 15546 0.00301212 1328.78
210	1	12149.8	997252	35230	26484	24023	0	0.1 StemSuffixes 15293 50507 0.836652 11.3095 SubMorph 3902 29197 0.00715325 1129.52 Prefix 11998 47069 0.0402155 4475.86 Suffix 325 13975 0.00607308 59.0666 Stem 3712 15293 0.00287594 1468.87
220	1	12623.9	996667	35116	26650	23857	0	0.1 StemSuffixes 15067 50507 0.837628 0.000119756 SubMorph 4037 29341 0.00568796 1201.69 Prefix 12066 47153 0.0381778 4593.18 Suffix 315 13780 0.00724803 55.7148 Stem 3631 15067 0.00263025 1416.01
230	1	13112	993869	34993	26697	23810	0	0.1 StemSuffixes 14937 50507 0.83844 0.366335 SubMorph 3978 29383 0.00875923 1196.25 Prefix 12200 47209 0.00552874 4853.64 Suffix 297 13586 0.00137405 57.4543 Stem 3581 14937 0.00316892 1410.59
240	1	13620.3	994106	34694	26937	23570	0	0.1 StemSuffixes 14814 50507 0.828028 1.41221 SubMorph 3903 29297 0.0232029 1099.43 Prefix 12079 47261 0.0139383 4872.18 Suffix 315 13547 0.0551946 43.7071 Stem 3583 14814 0.00907755 1351.37
250	1	14093.5	992870	34819	27350	23157	1	0.1 StemSuffixes 14771 50507 0.834721 1.22498e-07 SubMorph 4008 29287 0.00522004 1161.69 Prefix 12150 47236 0.0516192 4368.16 Suffix 304 13445 0.0325675 44.633 Stem 3586 14771 0.0277901 1355.51
260	1	14573	994350	34933	27132	23375	1	0.1 StemSuffixes 14637 50507 0.834634 0.00632348 SubMorph 3982 29727 0.0028452 1180.15 Prefix 12412 47288 0.028479 4830.75 Suffix 311 13321 0.0214917 54.9714 Stem 3591 14637 0.00330951 1421.61
270	1	15061.2	992628	34771	27060	23447	1	0.1 StemSuffixes 14511 50507 0.826325 3.90671e-05 SubMorph 4056 29572 0.0120218 1193.72 Prefix 12330 47305 0.0521817 4483.99 Suffix 297 13180 0.00636462 45.5922 Stem 3577 14511 0.00424398 1386.04
280	1	15523.2	991081	34496	27606	22901	0	0.1 StemSuffixes 14329 50507 0.835198 4.17091 SubMorph 4066 29432 0.00344088 1240.65 Prefix 12278 47429 0.0250473 4886.99 Suffix 292 13001 0.0494863 44.2601 Stem 3531 14329 0.0153629 1370.68
290	1	16019.2	991638	34626	27413	23094	0	0.1 StemSuffixes 14247 50507 0.829972 0.461283 SubMorph 4020 29638 0.00284911 1209.37 Prefix 12534 47466 0.0520564 4667.82 Suffix 289 12968 0.0481205 40.0396 Stem 3536 14247 3.25048e-05 1382.63
300	1	16491.2	990048	34346	27526	22981	0	0.1 StemSuffixes 14040 50507 0.830946 7.32158 SubMorph 4070 29729 0.0022941 1239.28 Prefix 12516 47617 0.0491964 4714.1 Suffix 287 12733 0.0139493 45.0271 Stem 3433 14040 0.0127358 1356.95
310	1	16963.6	989096	34308	27486	23021	0	0.1 StemSuffixes 13900 50507 0.829167 9.45838 SubMorph 4061 29588 0.00311316 1183.04 Prefix 12636 47648 0.0284682 5096.12 Suffix 298 12674 0.0067938 51.0395 Stem 3413 13900 0.0127118 1349.04
320	1	17439.3	986638	33990	27920	22587	0	0.1 StemSuffixes 13590 50507 0.828374 1.16234e-08 SubMorph 3943 29993 0.00158155 1137.53 Prefix 12750 47718 0.0313268 4965.31 Suffix 298 12247 0.0493577 40.7391 Stem 3409 13590 0.0237967 1305.51
330	1	17917.3	985399	33804	28547	21960	0	0.1 StemSuffixes 13174 50507 0.814446 0.92357 SubMorph 4129 29984 0.00761778 1206.73 Prefix 12882 47869 0.0438967 5012.94 Suffix 290 11919 0.0024019 53.1517 Stem 3329 13174 0.0125943 1304.46
340	1	18388.9	984192	33795	28722	21785	0	0.1 StemSuffixes 13324 50507 0.829654 0.000256773 SubMorph 4063 29864 0.000148667 1188.41 Prefix 12752 47853 0.0338746 5017.48 Suffix 278 12089 0.0112104 52.5301 Stem 3378 13324 0.00392959 1349.9
350	1	18849.8	985000	33711	28791	21716	0	0.1 StemSuffixes 13030 50507 0.815966 3.83949e-08 SubMorph 4112 30224 0.0129576 1142.06 Prefix 12938 47981 0.0194389 5189.81 Suffix 278 11735 0.0181663 49.3532 Stem 3353 13030 0.00150202 1355.32
360	1	19310.8	982771	33516	29137	21370	0	0.1 StemSuffixes 12740 50507 0.81413 1.97678 SubMorph 4154 30356 0.000286458 1210.35 Prefix 13046 48043 0.0556549 4861.76 Suffix 300 11477 0.0466857 49.6717 Stem 3276 12740 0.0301359 1280.72
370	1	19794.1	981491	33436	29227	21280	0	0.1 StemSuffixes 12592 50507 0.806605 0.705357 SubMorph 4283 30105 0.00207492 1318.29 Prefix 13063 48099 0.0663224 4817.99 Suffix 267 11331 0.00942306 45.8397 Stem 3231 12592 0.00325186 1315.97
380	1	20253.8	979994	33268	28981	21526	2	0.1 StemSuffixes 12420 50507 0.80867 0.602093 SubMorph 4125 30328 0.00596817 1237.85 Prefix 13298 48136 0.0512043 5017.14 Suffix 275 11159 0.00331269 55.2043 Stem 3150 12420 0.00220009 1298.83
390	1	20706.3	979290	33194	29376	21131	0	0.1 StemSuffixes 12267 50507 0.815928 8.24695 SubMorph 4189 30499 0.00591009 1260.62 Prefix 13343 48242 0.0698767 4913.32 Suffix 268 10995 0.037571 42.9906 Stem 3127 12267 0.0169496 1232.82
400	1	21161.6	978197	33105	29784	20723	2	0.1 StemSuffixes 12162 50507 0.806575 0.0885721 SubMorph 4312 30338 0.0200207 1269.48 Prefix 13255 48275 0.039512 5150.61 Suffix 276 10879 0.00784747 49.9856 Stem 3100 12162 0.00189742 1275.49
410	1	21634.6	977020	32956	30117	20390	0	0.1 StemSuffixes 12011 50507 0.807128 9.59888 SubMorph 4239 30419 0.0274271 1150.25 Prefix 13255 48348 0.0537972 5089.74 Suffix 262 10717 0.0494475 45.0712 Stem 3189 12011 0.00548453 1333
420	1	22091.2	977860	32925	29952	20555	2	0.1 StemSuffixes 11935 50507 0.804709 0.823113 SubMorph 4219 30469 0.00879489 1232.04 Prefix 13343 48460 0.0208619 5491.83 Suffix 277 10615 0.0416393 39.8113 Stem 3151 11935 0.0255473 1221.44
430	1	22568.3	977825	32641	29981	20526	0	0.1 StemSuffixes 11775 50507 0.79894 6.60596 SubMorph 4144 30556 0.00495515 1222.65 Prefix 13374 48572 0.0415293 5242.54 Suffix 278 10528 0.0393714 45.4015 Stem 3070 11775 0.00532961 1269.79
440	1	23025.9	976195	32806	29683	20824	1	0.1 StemSuffixes 11894 50507 0.80365 2.8107 SubMorph 4149 30492 0.0012623 1205.39 Prefix 13458 48551 0.0711539 4941 Suffix 265 10603 0.0122279 46.8122 Stem 3040 11894 0.00188499 1229.84
450	1	23467.1	974860	32650	30114	20393	0	0.1 StemSuffixes 11610 50507 0.800865 3.49137 SubMorph 4219 30640 0.019836 1202.72 Prefix 13494 48624 0.0583918 5117.53 Suffix 257 10368 0.00256725 48.1589 Stem 3070 11610 0.0504334 1121.48
460	1	23907.2	973632	32426	30080	20427	0	0.1 StemSuffixes 11408 50507 0.800081 4.43 SubMorph 4153 30668 0.0267822 1169.04 Prefix 13653 48642 0.0476294 5384.74 Suffix 260 10181 0.0233899 45.0933 Stem 2952 11408 0.0217547 1140.3
470	1	24356.8	973512	32494	30376	20131	1	0.1 StemSuffixes 11467 50507 0.806892 7.82375 SubMorph 4148 30781 9.71396e-05 1263.24 Prefix 13665 48673 0.0577231 5272.89 Suffix 255 10197 0.00529272 44.1588 Stem 2959 11467 0.0101485 1180.01
480	1	24805.7	973192	32351	30500	20007	1	0.1 StemSuffixes 11217 50507 0.799729 8.07944 SubMorph 4172 30875 0.0142409 1177.02 Prefix 13733 48742 0.0351816 5544.71 Suffix 262 9991 0.0158868 45.3011 Stem 2967 11217 0.0406382 1130.38
490	1	25259.8	971908	32573	30354	20153	3	0.1 StemSuffixes 11185 50507 0.81051 7.98476e-24 SubMorph 4368 30876 0.00189372 1318.43 Prefix 13764 48714 0.062442 5187.71 Suffix 265 9974 0.117664 35.6263 Stem 2991 11185 0.042853 1175.23
500	1	25703.3	970934	32436	30332	20175	0	0.1 StemSuffixes 11005 50507 0.798013 1.48279 SubMorph 4290 31138 0.0181725 1273.48 Prefix 13965 48787 0.0789583 5134.98 Suffix 251 9747 0.0380922 40.8604 Stem 2925 11005 0.0452617 1092.19
