# D = 1, E = 1, I = 1, P = 0, R = -1, n = 500, N = 1, P = 0, w = 1, a = 0.1, b = 1000, e = 1, f = 1, g = 10, h = 0.1, r = 1599400927, s = 1, S = 0, x = 10, m = 0, Z = 1, z = 0, T = 1, t = 1
# 529804 tokens in 50507 sentences
#
# It	Temp	Time	-logP	tables	same	changed	reject	default_pya	(parent pym pyn pya pyb)*
0	1	22.672	2.65927e+06	403881	0	50507	0	0.1 Stem 50507 50507 0.1 1000 StemPrefixes 50507 50507 0.1 1000 SubMorph 227020 227020 0.1 1000 Prefix 37867 37867 0.1 1000 Suffix 37980 37980 0.1 1000
10	1	2378.43	1.12919e+06	39391	9874	40633	1	0.1 Stem 6975 18253 0.357336 1607.12 StemPrefixes 18253 50507 0.212301 6152.47 SubMorph 4505 23601 0.00172104 1560.43 Prefix 4322 19540 0.245319 844.124 Suffix 5336 47985 0.0817213 1174.52
20	1	3317.02	1.07918e+06	36908	11534	38973	3	0.1 Stem 7728 18338 0.404632 1698.31 StemPrefixes 18338 50507 0.21719 6114.91 SubMorph 3647 22240 0.00460995 1213.51 Prefix 3761 18493 0.327323 539.072 Suffix 3434 47895 0.0783141 651.332
30	1	4144.94	1.05582e+06	35961	12570	37937	0	0.1 Stem 8106 18409 0.409739 1834.72 StemPrefixes 18409 50507 0.218335 6018.16 SubMorph 3322 21861 0.00267418 1075.48 Prefix 3553 17713 0.362349 412.954 Suffix 2571 47843 0.0559375 479.992
40	1	4918.88	1.03935e+06	35426	13113	37394	0	0.1 Stem 8140 18443 0.453693 1685.04 StemPrefixes 18443 50507 0.230178 5631.97 SubMorph 3142 21471 0.000231139 941.214 Prefix 3558 17661 0.415126 339.601 Suffix 2143 47853 0.0695083 353.041
50	1	5656.22	1.02527e+06	35357	14140	36367	1	0.1 Stem 8295 18628 0.433182 1800.69 StemPrefixes 18628 50507 0.228544 5898.12 SubMorph 3033 21529 0.0131 897.752 Prefix 3511 17400 0.420181 343.69 Suffix 1890 47903 0.107191 265.536
60	1	6374	1.0145e+06	34813	14969	35538	0	0.1 Stem 8278 18546 0.445045 1661.9 StemPrefixes 18546 50507 0.251162 5685.55 SubMorph 2954 21043 0.00885733 854.16 Prefix 3311 17423 0.424368 267.793 Suffix 1724 47809 0.135957 184.193
70	1	7082.4	1.01031e+06	34740	15581	34926	0	0.1 Stem 8113 18671 0.386985 1990.35 StemPrefixes 18671 50507 0.253787 5637.75 SubMorph 2976 20906 0.0199318 828.528 Prefix 3398 17358 0.427562 282.668 Suffix 1582 47888 0.0912809 228.536
80	1	7784.18	1.00318e+06	34761	16039	34468	0	0.1 Stem 8282 18686 0.410993 1796.39 StemPrefixes 18686 50507 0.247658 5753.17 SubMorph 2918 20992 0.00395149 888.176 Prefix 3386 17150 0.449129 234.353 Suffix 1489 47910 0.136918 177.982
90	1	8478.77	995634	34650	17105	33402	0	0.1 Stem 8256 18713 0.435258 1806.3 StemPrefixes 18713 50507 0.260284 5648.1 SubMorph 2895 20748 0.00874893 844.363 Prefix 3344 17365 0.434161 296.176 Suffix 1442 47826 0.203822 106.622
100	1	9175.95	992572	34694	17677	32830	0	0.1 Stem 8370 18715 0.418735 1969.24 StemPrefixes 18715 50507 0.269677 5686.34 SubMorph 2743 21213 0.000154772 805.769 Prefix 3502 17217 0.46334 275.277 Suffix 1364 47849 0.165785 132.282
110	1	9849.38	989090	34399	18038	32469	0	0.1 Stem 8361 18693 0.435705 1855.9 StemPrefixes 18693 50507 0.22943 6011.58 SubMorph 2719 20687 0.0238743 824.691 Prefix 3313 17438 0.432092 239.822 Suffix 1313 47872 0.16433 126.185
120	1	10528.9	987135	34767	18350	32157	1	0.1 Stem 8488 18769 0.446818 1934.77 StemPrefixes 18769 50507 0.242411 5789.67 SubMorph 2886 20984 0.0264102 815.201 Prefix 3378 17219 0.472334 211.186 Suffix 1246 47837 0.155155 121.72
130	1	11208	982696	34573	18875	31632	0	0.1 Stem 8381 18763 0.417625 1968.34 StemPrefixes 18763 50507 0.250855 5871.73 SubMorph 2894 20630 0.00966967 856.166 Prefix 3340 17217 0.466482 223.222 Suffix 1195 47843 0.169674 119.084
140	1	11888.5	982377	34913	19418	31089	1	0.1 Stem 8762 18758 0.458615 1799.28 StemPrefixes 18758 50507 0.247375 5817.24 SubMorph 2922 21136 0.0124711 828.254 Prefix 3311 17229 0.436622 255.582 Suffix 1160 47854 0.147552 101.904
150	1	12576.9	977339	34564	20321	30186	1	0.1 Stem 8665 18719 0.461523 1861.45 StemPrefixes 18719 50507 0.250857 5631.25 SubMorph 2901 20964 0.000168152 869.855 Prefix 3131 17130 0.416457 279.57 Suffix 1148 47826 0.156014 117.993
160	1	13259.4	975237	35153	20613	29894	0	0.1 Stem 8835 18827 0.479494 1684.48 StemPrefixes 18827 50507 0.267337 5587.55 SubMorph 3003 21246 0.0113034 940.619 Prefix 3312 17111 0.442732 284.934 Suffix 1176 47788 0.183263 112.368
170	1	13959.3	972898	34991	20991	29516	0	0.1 Stem 8594 18853 0.444382 1826.58 StemPrefixes 18853 50507 0.258359 5660.87 SubMorph 3006 20910 0.0226695 876.869 Prefix 3415 17100 0.472261 232.341 Suffix 1123 47818 0.14224 115.547
180	1	14665.4	970659	34697	20787	29720	0	0.1 Stem 8669 18759 0.466922 1682.76 StemPrefixes 18759 50507 0.25099 5822.5 SubMorph 3012 20739 0.0254398 856.42 Prefix 3153 17124 0.402719 295.334 Suffix 1104 47804 0.180295 100.886
190	1	15333.5	970296	34840	21223	29284	1	0.1 Stem 8692 18831 0.452559 1940.42 StemPrefixes 18831 50507 0.254917 5844.61 SubMorph 2991 20922 0.00374493 882.099 Prefix 3251 17095 0.42443 269.321 Suffix 1075 47783 0.176329 94.0715
200	1	16014.9	967849	34685	21463	29044	1	0.1 Stem 8531 18941 0.430592 1907.62 StemPrefixes 18941 50507 0.2709 5598.89 SubMorph 3037 20457 0.00619447 933.277 Prefix 3096 17205 0.458231 187.862 Suffix 1080 47810 0.190429 81.1343
210	1	16680.7	967136	34906	21863	28644	0	0.1 Stem 8619 18941 0.427382 2019.29 StemPrefixes 18941 50507 0.250317 5903.34 SubMorph 3074 20685 0.00432136 945.154 Prefix 3265 17184 0.436662 265.023 Suffix 1007 47805 0.150089 90.3597
220	1	17344.3	965403	35300	21997	28510	2	0.1 Stem 8948 19000 0.453609 1880.25 StemPrefixes 19000 50507 0.260993 5714.29 SubMorph 3145 20863 0.0197991 932.266 Prefix 3223 17081 0.440156 227.113 Suffix 984 47764 0.140188 95.5121
230	1	18017.6	964200	34585	22543	27964	1	0.1 Stem 8718 18857 0.44482 1895.75 StemPrefixes 18857 50507 0.262987 5583.75 SubMorph 2896 20745 0.0076163 876.779 Prefix 3144 17237 0.42158 266.116 Suffix 970 47836 0.166173 96.7966
240	1	18683.7	963000	34829	22486	28021	0	0.1 Stem 8752 18953 0.446949 1950.2 StemPrefixes 18953 50507 0.257322 5774.8 SubMorph 2883 20908 0.0185834 817.363 Prefix 3287 17267 0.446796 221.736 Suffix 954 47762 0.159218 80.6021
250	1	19355.5	963939	34821	22309	28198	1	0.1 Stem 8872 18926 0.455504 1945.34 StemPrefixes 18926 50507 0.26075 5861.14 SubMorph 2764 21188 0.0116815 797.577 Prefix 3268 17041 0.449412 231.715 Suffix 991 47829 0.172469 89.4926
260	1	20016	963093	34674	22415	28092	0	0.1 Stem 8684 18890 0.451253 1886.23 StemPrefixes 18890 50507 0.266087 5966.13 SubMorph 2853 20808 0.00536617 851.165 Prefix 3221 17089 0.438384 280.533 Suffix 1026 47800 0.178066 88.3346
270	1	20688.4	962525	34923	22189	28318	1	0.1 Stem 8805 18969 0.472387 1837.65 StemPrefixes 18969 50507 0.258083 5812.99 SubMorph 2868 21097 0.00584109 809.922 Prefix 3296 16970 0.483529 239.39 Suffix 985 47818 0.16606 82.9628
280	1	21350.2	960376	34766	22489	28018	1	0.1 Stem 8804 18904 0.446994 1999.6 StemPrefixes 18904 50507 0.25615 5747.94 SubMorph 2819 20899 0.00336341 854.938 Prefix 3258 17077 0.447981 230.479 Suffix 981 47821 0.161034 95.267
290	1	22027.8	956951	34964	23074	27433	0	0.1 Stem 8944 18981 0.47024 1885.36 StemPrefixes 18981 50507 0.257752 5761.18 SubMorph 2998 20763 0.0174002 885.247 Prefix 3076 17079 0.432868 249.652 Suffix 965 47853 0.171077 76.8469
300	1	22693.1	954726	34886	23805	26702	2	0.1 Stem 8949 18819 0.47075 1900.77 StemPrefixes 18819 50507 0.249752 5584.72 SubMorph 3012 20825 0.0158144 901.625 Prefix 3152 17038 0.459489 194.928 Suffix 954 47794 0.174373 81.0819
310	1	23346.3	952791	34716	23620	26887	1	0.1 Stem 8701 18938 0.444097 1977.18 StemPrefixes 18938 50507 0.266514 5563.14 SubMorph 2949 20564 0.0299878 849.934 Prefix 3172 17096 0.441724 238.853 Suffix 956 47842 0.174116 79.7145
320	1	23982.6	952014	34840	23926	26581	2	0.1 Stem 8973 19044 0.489275 1713.93 StemPrefixes 19044 50507 0.262297 5727.83 SubMorph 2860 20814 0.00747481 820.455 Prefix 3069 17061 0.441862 211.328 Suffix 894 47801 0.187331 72.7189
330	1	24642.6	953044	34958	23747	26760	0	0.1 Stem 8786 18940 0.457037 1804.67 StemPrefixes 18940 50507 0.24682 6016.82 SubMorph 3052 20759 0.00362481 941.384 Prefix 3271 17116 0.468056 207.136 Suffix 909 47761 0.204226 59.3239
340	1	25312.3	952448	35181	24030	26477	0	0.1 Stem 8903 18983 0.468283 1819.16 StemPrefixes 18983 50507 0.272855 5749.37 SubMorph 3106 20871 0.00510441 985.633 Prefix 3282 16930 0.428301 267.365 Suffix 907 47813 0.199252 49.0523
350	1	25969.3	951716	34963	24345	26162	1	0.1 Stem 8893 18973 0.454883 1962.6 StemPrefixes 18973 50507 0.257233 5933.63 SubMorph 3039 20849 0.00842717 938.955 Prefix 3146 16979 0.429041 273.149 Suffix 912 47844 0.173426 69.8406
360	1	26625.3	947803	35170	24950	25557	0	0.1 Stem 9150 18923 0.508809 1697.51 StemPrefixes 18923 50507 0.267839 5698.66 SubMorph 3071 21083 0.00788879 938.554 Prefix 3133 16847 0.443028 233.284 Suffix 893 47856 0.211296 58.4519
370	1	27282.3	945419	35211	25630	24877	0	0.1 Stem 9049 18980 0.48048 1895.66 StemPrefixes 18980 50507 0.268346 5510.68 SubMorph 3011 20994 0.00166165 920.064 Prefix 3315 16898 0.475601 230.459 Suffix 856 47875 0.205488 54.2743
380	1	28028.4	944570	34870	25717	24790	0	0.1 Stem 8855 18933 0.4681 1780.96 StemPrefixes 18933 50507 0.271436 5627.41 SubMorph 2959 20808 0.0128036 873.343 Prefix 3242 16845 0.465975 208.044 Suffix 881 47834 0.211198 60.9863
390	1	28684.9	945079	34853	25658	24849	3	0.1 Stem 8848 18902 0.478863 1799.3 StemPrefixes 18902 50507 0.256406 5719.86 SubMorph 3070 20557 0.00855882 951.738 Prefix 3133 17068 0.460792 200.837 Suffix 900 47854 0.204643 57.2382
400	1	29356	945010	35159	26060	24447	0	0.1 Stem 8952 19130 0.460283 1966.41 StemPrefixes 19130 50507 0.284245 5537.76 SubMorph 3081 20731 0.0159153 922.201 Prefix 3093 16934 0.45141 199.648 Suffix 903 47865 0.223739 59.4211
410	1	30009.9	943628	35206	26046	24461	0	0.1 Stem 9187 19012 0.487149 1806.84 StemPrefixes 19012 50507 0.279203 5506.89 SubMorph 3037 20997 0.037717 844.216 Prefix 3107 16946 0.428926 264.54 Suffix 863 47800 0.212651 55.6232
420	1	30669.8	944679	35155	26040	24467	0	0.1 Stem 8886 19049 0.468257 1893.98 StemPrefixes 19049 50507 0.24693 6084.42 SubMorph 3064 20778 0.00897221 908.311 Prefix 3260 16999 0.45694 224.853 Suffix 896 47852 0.222071 56.2009
430	1	31319.5	943380	35049	26048	24459	0	0.1 Stem 8954 19079 0.464462 1888.47 StemPrefixes 19079 50507 0.272724 5641.68 SubMorph 2943 20818 0.0090788 880.478 Prefix 3215 17081 0.431771 229.894 Suffix 858 47820 0.202102 52.8273
440	1	31970.8	943260	34716	26151	24356	0	0.1 Stem 8862 18988 0.481745 1711.64 StemPrefixes 18988 50507 0.265461 5673.01 SubMorph 2895 20696 3.53413e-05 846.7 Prefix 3107 17024 0.43768 238.896 Suffix 864 47859 0.194832 59.4208
450	1	32616.7	943880	34940	25587	24920	0	0.1 Stem 8912 19063 0.454381 1987.84 StemPrefixes 19063 50507 0.274408 5583.15 SubMorph 2881 20763 0.0139446 873.223 Prefix 3240 16962 0.487245 219.095 Suffix 844 47871 0.1819 55.4555
460	1	33275.9	945263	35229	25783	24724	0	0.1 Stem 8969 19111 0.440474 2025.73 StemPrefixes 19111 50507 0.271769 5765.65 SubMorph 3001 21008 0.00123068 879.032 Prefix 3291 16949 0.47289 203.012 Suffix 857 47787 0.190174 63.1668
470	1	33928.2	943940	35282	26129	24378	0	0.1 Stem 9136 19062 0.475237 1812.35 StemPrefixes 19062 50507 0.260102 5912.49 SubMorph 3050 20969 0.0124893 922.052 Prefix 3201 16888 0.425398 248.458 Suffix 833 47789 0.205406 59.3518
480	1	34590.4	943552	35247	25976	24531	2	0.1 Stem 9057 19071 0.450965 2001.67 StemPrefixes 19071 50507 0.272542 5617.04 SubMorph 3090 20870 0.0269129 895.589 Prefix 3190 16880 0.454277 222.695 Suffix 839 47819 0.186131 57.6449
490	1	35248.2	942645	35403	26241	24266	0	0.1 Stem 9238 19082 0.489824 1809.1 StemPrefixes 19082 50507 0.270022 5671.37 SubMorph 3035 21057 0.0235333 891.462 Prefix 3211 17065 0.426789 275.346 Suffix 837 47786 0.220276 49.1848
500	1	35906.5	940966	35157	26486	24021	2	0.1 Stem 9138 19032 0.474368 2014.44 StemPrefixes 19032 50507 0.245207 6081.5 SubMorph 2933 21148 0.00383413 894.989 Prefix 3205 17008 0.457878 201.333 Suffix 849 47818 0.214268 53.0152
