# D = 1, E = 1, I = 1, P = 0, R = -1, n = 500, N = 1, P = 0, w = 1, a = 0.1, b = 1000, e = 1, f = 1, g = 10, h = 0.1, r = 1599184284, s = 1, S = 0, x = 10, m = 0, Z = 1, z = 0, T = 1, t = 1
# 529804 tokens in 50507 sentences
#
# It	Temp	Time	-logP	tables	same	changed	reject	default_pya	(parent pym pyn pya pyb)*
0	1	4.968	1.87612e+06	151521	0	50507	0	0.1 Prefix 50507 50507 0.1 1000 Suffix 50507 50507 0.1 1000 Stem 50507 50507 0.1 1000
10	1	1070.76	1.34336e+06	22272	1884	48623	0	0.1 Prefix 9344 50507 0.00713332 3157.33 Suffix 5050 50507 0.00237084 1331.93 Stem 7878 50507 0.00071046 2476.29
20	1	1543.77	1.30028e+06	18751	2533	47974	0	0.1 Prefix 8450 50507 0.0067544 2704.3 Suffix 3297 50507 0.000310811 749.471 Stem 7004 50507 0.0022766 2108.28
30	1	1959.47	1.27768e+06	17673	3009	47498	0	0.1 Prefix 7946 50507 0.0315153 2270.46 Suffix 2750 50507 0.0303493 558.799 Stem 6977 50507 0.00153254 2091.28
40	1	2347.44	1.26213e+06	17013	3391	47116	0	0.1 Prefix 7734 50507 0.0506414 2143.51 Suffix 2364 50507 0.0133607 477.549 Stem 6915 50507 0.00687541 2080.33
50	1	2715.75	1.24876e+06	16386	3777	46730	0	0.1 Prefix 7254 50507 0.024216 2107.23 Suffix 2221 50507 0.110308 345.439 Stem 6911 50507 0.00280274 2032.42
60	1	3080	1.24069e+06	16321	4204	46303	1	0.1 Prefix 7311 50507 0.0698167 1851.25 Suffix 1980 50507 0.0434817 351.32 Stem 7030 50507 0.000300199 2129.97
70	1	3439.86	1.23474e+06	16099	4475	46032	0	0.1 Prefix 7182 50507 0.0767617 1818.75 Suffix 1923 50507 0.0886953 292.212 Stem 6994 50507 0.000176962 2079.12
80	1	3800.62	1.22945e+06	16134	4504	46003	0	0.1 Prefix 7109 50507 0.0805483 1755.02 Suffix 1886 50507 0.111239 240.967 Stem 7139 50507 0.000757637 2175.6
90	1	4165.53	1.22622e+06	16215	4743	45764	1	0.1 Prefix 7276 50507 0.0621274 1916.12 Suffix 1817 50507 0.0907984 276.92 Stem 7122 50507 0.00319513 2122.89
100	1	4534.85	1.22077e+06	16097	5010	45497	0	0.1 Prefix 7165 50507 0.0778207 1763.31 Suffix 1797 50507 0.156147 211.865 Stem 7135 50507 0.00167336 2164.13
110	1	4900.3	1.21808e+06	15902	5241	45266	0	0.1 Prefix 6873 50507 0.0707578 1750.39 Suffix 1775 50507 0.145859 201.851 Stem 7254 50507 0.00208756 2215.17
120	1	5245.94	1.21106e+06	15583	5514	44993	1	0.1 Prefix 6707 50507 0.104123 1476.46 Suffix 1687 50507 0.15108 186.05 Stem 7189 50507 0.000267741 2210.79
130	1	5585.24	1.20681e+06	15640	5780	44727	0	0.1 Prefix 6719 50507 0.120737 1431.1 Suffix 1665 50507 0.169117 171.693 Stem 7256 50507 0.00458796 2198.46
140	1	5930.22	1.20417e+06	15612	5928	44579	0	0.1 Prefix 6805 50507 0.108159 1535.84 Suffix 1669 50507 0.172649 161.358 Stem 7138 50507 6.4903e-05 2144.99
150	1	6278.22	1.20218e+06	15778	5977	44530	0	0.1 Prefix 6824 50507 0.1319 1467.35 Suffix 1587 50507 0.160401 167.821 Stem 7367 50507 0.00192405 2247.57
160	1	6633.16	1.20205e+06	15725	6059	44448	1	0.1 Prefix 6639 50507 0.107687 1525.57 Suffix 1655 50507 0.178093 176.637 Stem 7431 50507 0.00176412 2286.63
170	1	6977.09	1.20101e+06	15512	6228	44279	0	0.1 Prefix 6454 50507 0.111337 1436.97 Suffix 1619 50507 0.134066 185.293 Stem 7439 50507 0.00209612 2268.77
180	1	7321.66	1.19901e+06	15768	6367	44140	0	0.1 Prefix 6590 50507 0.156467 1295.84 Suffix 1623 50507 0.180751 144.688 Stem 7555 50507 0.000674976 2344.21
190	1	7661.57	1.19536e+06	15479	6595	43912	0	0.1 Prefix 6441 50507 0.135206 1304.9 Suffix 1613 50507 0.20194 136.322 Stem 7425 50507 0.000490372 2331.72
200	1	8007.59	1.19338e+06	15625	6843	43664	0	0.1 Prefix 6481 50507 0.129677 1340.15 Suffix 1561 50507 0.182448 145.205 Stem 7583 50507 0.000449346 2372.42
210	1	8356.1	1.19102e+06	15577	6800	43707	0	0.1 Prefix 6478 50507 0.15644 1208.42 Suffix 1515 50507 0.183491 133.963 Stem 7584 50507 0.000229655 2373.94
220	1	8699.62	1.1904e+06	15604	6785	43722	1	0.1 Prefix 6539 50507 0.165257 1234.53 Suffix 1528 50507 0.169224 159.986 Stem 7537 50507 0.000970057 2279.41
230	1	9053.56	1.1881e+06	15730	6976	43531	0	0.1 Prefix 6603 50507 0.164722 1235.18 Suffix 1574 50507 0.180841 141.099 Stem 7553 50507 0.00185374 2305.83
240	1	9408.8	1.18471e+06	15633	7083	43424	1	0.1 Prefix 6531 50507 0.183221 1123.77 Suffix 1528 50507 0.205205 132.938 Stem 7574 50507 0.00290803 2369.97
250	1	9764.5	1.18277e+06	15617	7489	43018	0	0.1 Prefix 6576 50507 0.16246 1241.48 Suffix 1482 50507 0.156039 168.954 Stem 7559 50507 0.000884116 2348.81
260	1	10126.2	1.18318e+06	15713	7537	42970	0	0.1 Prefix 6609 50507 0.135504 1346.55 Suffix 1520 50507 0.204439 129.226 Stem 7584 50507 0.00365569 2371.1
270	1	10480	1.18172e+06	15566	7474	43033	0	0.1 Prefix 6438 50507 0.160775 1175.85 Suffix 1504 50507 0.199485 136.301 Stem 7624 50507 0.00087195 2377.86
280	1	10816.4	1.17979e+06	15353	7470	43037	1	0.1 Prefix 6283 50507 0.135114 1254.03 Suffix 1457 50507 0.190449 129.923 Stem 7613 50507 0.00186938 2408.55
290	1	11155.7	1.1806e+06	15586	7505	43002	0	0.1 Prefix 6399 50507 0.155819 1204.73 Suffix 1491 50507 0.21318 114.893 Stem 7696 50507 0.00316389 2321.65
300	1	11498.8	1.18031e+06	15527	7364	43143	0	0.1 Prefix 6317 50507 0.148888 1246.94 Suffix 1464 50507 0.209419 114.758 Stem 7746 50507 0.00777427 2361.93
310	1	11843.7	1.18092e+06	15706	7527	42980	0	0.1 Prefix 6484 50507 0.157952 1202.09 Suffix 1456 50507 0.220741 89.9275 Stem 7766 50507 0.000712561 2437.92
320	1	12193.2	1.17897e+06	15564	7701	42806	0	0.1 Prefix 6396 50507 0.175781 1123.41 Suffix 1447 50507 0.234132 92.7911 Stem 7721 50507 0.000958509 2415.39
330	1	12548.9	1.17836e+06	15561	7777	42730	0	0.1 Prefix 6331 50507 0.198732 999.69 Suffix 1520 50507 0.19706 126.749 Stem 7710 50507 0.000222186 2387.3
340	1	12894.3	1.17763e+06	15467	7771	42736	0	0.1 Prefix 6297 50507 0.155808 1207.02 Suffix 1438 50507 0.208935 103.026 Stem 7732 50507 0.000123399 2493.51
350	1	13236.2	1.17826e+06	15377	7797	42710	0	0.1 Prefix 6107 50507 0.122955 1196.99 Suffix 1404 50507 0.200775 116.559 Stem 7866 50507 0.00308385 2470.14
360	1	13570.1	1.17474e+06	15307	8160	42347	1	0.1 Prefix 6118 50507 0.181082 1077.75 Suffix 1387 50507 0.187153 123.134 Stem 7802 50507 0.0010769 2449.83
370	1	13904.4	1.17363e+06	15615	8241	42266	0	0.1 Prefix 6348 50507 0.195518 1051.28 Suffix 1424 50507 0.202152 110.589 Stem 7843 50507 0.00453204 2426.84
380	1	14245.7	1.17041e+06	15486	8492	42015	0	0.1 Prefix 6186 50507 0.172238 1075.56 Suffix 1469 50507 0.23449 106.437 Stem 7831 50507 0.00523335 2483.26
390	1	14582.4	1.17002e+06	15235	8647	41860	0	0.1 Prefix 6046 50507 0.188969 1008.25 Suffix 1443 50507 0.239181 91.4851 Stem 7746 50507 0.000388172 2379.55
400	1	14926.6	1.17211e+06	15523	8562	41945	1	0.1 Prefix 6216 50507 0.187518 1038.12 Suffix 1430 50507 0.222619 105.431 Stem 7877 50507 0.000986315 2504.88
410	1	15268.8	1.16863e+06	15370	8484	42023	0	0.1 Prefix 6059 50507 0.186384 1032.73 Suffix 1452 50507 0.229821 91.072 Stem 7859 50507 0.000535823 2476.26
420	1	15603.5	1.16674e+06	15184	8926	41581	0	0.1 Prefix 5965 50507 0.180984 969.75 Suffix 1441 50507 0.218256 100.575 Stem 7778 50507 0.00266755 2490.5
430	1	15926.7	1.16395e+06	15073	9205	41302	0	0.1 Prefix 5890 50507 0.193838 947.725 Suffix 1409 50507 0.225779 103.765 Stem 7774 50507 0.000238011 2469.58
440	1	16253.1	1.1628e+06	15103	9451	41056	0	0.1 Prefix 5747 50507 0.17627 964.477 Suffix 1403 50507 0.21613 112.426 Stem 7953 50507 0.000737422 2540.12
450	1	16576.6	1.16239e+06	15286	9530	40977	0	0.1 Prefix 6051 50507 0.223478 882.368 Suffix 1382 50507 0.232418 105.186 Stem 7853 50507 0.000342661 2463
460	1	16914.8	1.16215e+06	15218	9689	40818	0	0.1 Prefix 5901 50507 0.165776 1065.84 Suffix 1384 50507 0.190878 112.738 Stem 7933 50507 0.0049948 2521.78
470	1	17233.1	1.16204e+06	15146	9593	40914	0	0.1 Prefix 5847 50507 0.214208 902.962 Suffix 1366 50507 0.197061 109.571 Stem 7933 50507 0.000617042 2514.05
480	1	17559.4	1.16201e+06	15256	9448	41059	0	0.1 Prefix 5972 50507 0.210227 924.162 Suffix 1361 50507 0.228102 99.2948 Stem 7923 50507 0.00366153 2533.4
490	1	17893.2	1.16436e+06	15460	9516	40991	0	0.1 Prefix 6011 50507 0.20728 905.172 Suffix 1418 50507 0.217198 108.689 Stem 8031 50507 0.00140741 2503.32
500	1	18228.2	1.16591e+06	15231	9298	41209	2	0.1 Prefix 5912 50507 0.176753 1023.67 Suffix 1406 50507 0.222586 114.515 Stem 7913 50507 0.00890106 2458.28
