# D = 1, E = 1, I = 1, P = 0, R = -1, n = 500, N = 1, P = 0, w = 1, a = 0.1, b = 1000, e = 1, f = 1, g = 10, h = 0.1, r = 1599313866, s = 1, S = 0, x = 10, m = 0, Z = 1, z = 0, T = 1, t = 1
# 529804 tokens in 50507 sentences
#
# It	Temp	Time	-logP	tables	same	changed	reject	default_pya	(parent pym pyn pya pyb)*
0	1	10.484	2.53889e+06	367638	0	50507	0	0.1 Prefix 50507 50507 0.1 1000 Suffix 50507 50507 0.1 1000 Stem 50507 50507 0.1 1000 SubMorph 216117 216117 0.1 1000
10	1	2845.58	1.42293e+06	33816	761	49746	0	0.1 Prefix 9932 50507 0.0575816 3074.88 Suffix 5294 50507 0.0337441 1314.54 Stem 12027 50507 0.0348814 4332.91 SubMorph 6563 35413 6.64439e-05 2251.94
20	1	3853.17	1.37352e+06	28684	1022	49485	1	0.1 Prefix 8482 50507 0.105668 2111.81 Suffix 3441 50507 0.0440129 700.215 Stem 11756 50507 0.00135347 4636.25 SubMorph 5005 32717 0.00903742 1580.35
30	1	4707.29	1.34823e+06	26998	1173	49334	1	0.1 Prefix 7658 50507 0.158344 1519.76 Suffix 2704 50507 0.056925 480.544 Stem 12167 50507 0.00604297 4690.32 SubMorph 4469 32153 0.00388784 1364.73
40	1	5497.79	1.33165e+06	26211	1276	49231	0	0.1 Prefix 7142 50507 0.19915 1233.8 Suffix 2331 50507 0.0852474 380.514 Stem 12422 50507 0.00235516 4918.88 SubMorph 4316 32245 0.00475331 1293.9
50	1	6266.43	1.31695e+06	25731	1456	49051	0	0.1 Prefix 6902 50507 0.254648 983.119 Suffix 2084 50507 0.0978486 295.076 Stem 12670 50507 0.00379308 5022.48 SubMorph 4075 32138 0.000535419 1155.63
60	1	7001.17	1.30655e+06	25643	1565	48942	1	0.1 Prefix 6838 50507 0.266884 941.113 Suffix 1972 50507 0.122729 248.875 Stem 12827 50507 0.0106408 5157.33 SubMorph 4006 32169 0.000370234 1185.25
70	1	7727.22	1.30033e+06	25242	1646	48861	4	0.1 Prefix 6176 50507 0.270524 718.353 Suffix 1898 50507 0.12194 269.962 Stem 13056 50507 0.00431076 5252.8 SubMorph 4112 32283 0.021636 1143
80	1	8399.83	1.29247e+06	24951	1863	48644	0	0.1 Prefix 5879 50507 0.244275 779.308 Suffix 1758 50507 0.163845 188.969 Stem 13223 50507 0.0137043 5249.96 SubMorph 4091 32235 0.00556409 1171.13
90	1	9064.45	1.28398e+06	24753	1974	48533	0	0.1 Prefix 5765 50507 0.264308 694.335 Suffix 1701 50507 0.159331 184.867 Stem 13228 50507 0.0262338 5253.72 SubMorph 4059 32111 0.000522376 1159.52
100	1	9720.53	1.28033e+06	24664	2033	48474	1	0.1 Prefix 5696 50507 0.254977 701.51 Suffix 1623 50507 0.190646 149.321 Stem 13248 50507 0.000282866 5386.01 SubMorph 4097 32179 0.000551911 1198.43
110	1	10382.4	1.27602e+06	24752	2239	48268	4	0.1 Prefix 5767 50507 0.285992 638.013 Suffix 1551 50507 0.166927 144.609 Stem 13418 50507 0.00782447 5415.15 SubMorph 4016 32245 0.00290165 1160.73
120	1	11042.6	1.27135e+06	24888	2351	48156	1	0.1 Prefix 5589 50507 0.298335 547.677 Suffix 1540 50507 0.218104 113.491 Stem 13621 50507 0.0251285 5423.95 SubMorph 4138 32516 2.93193e-05 1174.02
130	1	11687.4	1.26767e+06	24623	2317	48190	0	0.1 Prefix 5579 50507 0.285253 615.859 Suffix 1455 50507 0.184621 118.164 Stem 13428 50507 0.017747 5361.63 SubMorph 4161 32143 0.0159046 1182.07
140	1	12344.5	1.26313e+06	24883	2564	47943	2	0.1 Prefix 5790 50507 0.329181 494.612 Suffix 1386 50507 0.166957 135.712 Stem 13563 50507 0.0435606 5182.97 SubMorph 4144 32147 0.000749719 1228.93
150	1	12983	1.26016e+06	24578	2635	47872	0	0.1 Prefix 5448 50507 0.312136 491.291 Suffix 1396 50507 0.194347 115.319 Stem 13604 50507 0.00748909 5529.78 SubMorph 4130 32353 0.000482253 1203.89
160	1	13599.5	1.25567e+06	24417	2759	47748	0	0.1 Prefix 5258 50507 0.329711 430.698 Suffix 1391 50507 0.203096 113.073 Stem 13650 50507 0.0139414 5584.73 SubMorph 4118 32309 0.00349594 1197.51
170	1	14225.7	1.25224e+06	24627	2923	47584	2	0.1 Prefix 5421 50507 0.347133 441.953 Suffix 1346 50507 0.166536 133.125 Stem 13765 50507 0.018635 5606.42 SubMorph 4095 32604 0.000129455 1177.47
180	1	14839.5	1.2506e+06	24329	2743	47764	1	0.1 Prefix 5108 50507 0.32959 412.394 Suffix 1374 50507 0.199351 108.204 Stem 13739 50507 0.00891412 5880.98 SubMorph 4108 32697 0.0133635 1160.3
190	1	15428.6	1.24931e+06	24209	2848	47659	2	0.1 Prefix 4995 50507 0.319818 409.192 Suffix 1340 50507 0.169779 115.1 Stem 13800 50507 0.0267055 5621.87 SubMorph 4074 32665 0.00653471 1159.2
200	1	16018.8	1.24481e+06	24184	2827	47680	0	0.1 Prefix 4982 50507 0.366655 344.48 Suffix 1318 50507 0.238887 93.0298 Stem 13832 50507 0.032314 5436.65 SubMorph 4052 32630 0.00789165 1196.89
210	1	16608.6	1.2402e+06	24173	2823	47684	1	0.1 Prefix 4847 50507 0.352718 320.135 Suffix 1334 50507 0.217737 95.4114 Stem 13869 50507 0.0136978 5630.71 SubMorph 4123 32450 0.00607372 1159.93
220	1	17178.9	1.24254e+06	24023	2870	47637	0	0.1 Prefix 4714 50507 0.333636 347.809 Suffix 1285 50507 0.228705 92.0467 Stem 13797 50507 0.00649513 5718.66 SubMorph 4227 32507 0.00103868 1201.33
230	1	17734.8	1.24364e+06	23889	2813	47694	4	0.1 Prefix 4478 50507 0.293784 424.367 Suffix 1241 50507 0.187514 93.7243 Stem 13952 50507 0.0299872 5543.37 SubMorph 4218 32689 0.00353439 1218.64
240	1	18299.6	1.23962e+06	24456	2847	47660	0	0.1 Prefix 4951 50507 0.342367 368.073 Suffix 1204 50507 0.245414 68.2405 Stem 13915 50507 0.0403517 5427.17 SubMorph 4386 32508 0.00202637 1255.87
250	1	18880.6	1.23974e+06	23993	2862	47645	1	0.1 Prefix 4879 50507 0.358591 310.666 Suffix 1220 50507 0.178028 104.162 Stem 13806 50507 0.019467 5651.11 SubMorph 4088 32473 0.0024577 1159.98
260	1	19445.6	1.23548e+06	23851	3004	47503	0	0.1 Prefix 4525 50507 0.326736 339.922 Suffix 1180 50507 0.214475 80.6972 Stem 14011 50507 0.00671864 5774.07 SubMorph 4135 32634 0.0075838 1200.83
270	1	20011.2	1.234e+06	24190	2982	47525	2	0.1 Prefix 4680 50507 0.351838 334.216 Suffix 1167 50507 0.230464 83.399 Stem 14046 50507 0.0359408 5579.41 SubMorph 4297 32769 0.00419205 1233.44
280	1	20581	1.23371e+06	24373	2950	47557	0	0.1 Prefix 4754 50507 0.370376 287.631 Suffix 1186 50507 0.247721 53.5889 Stem 14139 50507 0.0309605 5711.67 SubMorph 4294 32897 0.00368034 1299.53
290	1	21135	1.22669e+06	23776	2989	47518	2	0.1 Prefix 4419 50507 0.350032 312.785 Suffix 1180 50507 0.228387 75.7227 Stem 14059 50507 0.0375734 5490.93 SubMorph 4118 32714 0.00273179 1187.28
300	1	21669.8	1.22761e+06	23825	2960	47547	0	0.1 Prefix 4395 50507 0.35749 293.039 Suffix 1198 50507 0.260132 64.4228 Stem 14148 50507 0.0391136 5680.21 SubMorph 4084 32759 0.00897832 1115.74
310	1	22201.1	1.22479e+06	23790	3006	47501	0	0.1 Prefix 4331 50507 0.340422 305.171 Suffix 1184 50507 0.208021 77.5566 Stem 14058 50507 0.0389291 5590.94 SubMorph 4217 32671 0.00115977 1208.35
320	1	22727.7	1.22356e+06	23585	3140	47367	3	0.1 Prefix 4120 50507 0.327702 325.134 Suffix 1185 50507 0.204637 94.6284 Stem 14118 50507 0.0113337 5849.17 SubMorph 4162 32634 8.81108e-05 1162.12
330	1	23248.4	1.22344e+06	23784	3122	47385	2	0.1 Prefix 4191 50507 0.343153 302.1 Suffix 1195 50507 0.239438 77.1239 Stem 14154 50507 0.0232554 5801.65 SubMorph 4244 32797 0.00301604 1221.24
340	1	23765.3	1.21965e+06	23597	3294	47213	0	0.1 Prefix 4195 50507 0.3589 240.934 Suffix 1168 50507 0.199944 85.9081 Stem 14038 50507 0.0111931 5974.1 SubMorph 4196 32589 0.0022067 1229.64
350	1	24284.1	1.22004e+06	23730	3240	47267	2	0.1 Prefix 4053 50507 0.349385 262.504 Suffix 1207 50507 0.209808 97.4538 Stem 14109 50507 0.00829484 5897.29 SubMorph 4361 32661 0.0120593 1236.98
360	1	24788.5	1.21937e+06	23643	3351	47156	6	0.1 Prefix 3974 50507 0.346556 255.489 Suffix 1180 50507 0.235926 68.5905 Stem 14173 50507 0.0161707 5832.98 SubMorph 4316 32910 0.000245719 1214.87
370	1	25289.4	1.21809e+06	23403	3283	47224	1	0.1 Prefix 3792 50507 0.353045 216.375 Suffix 1196 50507 0.238345 75.0352 Stem 14114 50507 0.00590988 5989.23 SubMorph 4301 32818 0.00225265 1263.25
380	1	25781.9	1.21322e+06	23366	3316	47191	1	0.1 Prefix 3706 50507 0.363733 185.77 Suffix 1163 50507 0.218926 74.8169 Stem 14190 50507 0.013095 6063.84 SubMorph 4307 32759 0.00490423 1236.16
390	1	26261.4	1.21133e+06	23416	3483	47024	0	0.1 Prefix 3650 50507 0.361961 207.247 Suffix 1126 50507 0.247814 55.2495 Stem 14333 50507 0.020291 5981.05 SubMorph 4307 33005 0.00870927 1295.08
400	1	26743.1	1.20975e+06	23401	3563	46944	0	0.1 Prefix 3608 50507 0.36145 178.964 Suffix 1131 50507 0.213463 76.3163 Stem 14402 50507 0.0249481 5980.23 SubMorph 4260 33073 0.00157254 1225.34
410	1	27216.7	1.21188e+06	23805	3379	47128	1	0.1 Prefix 3752 50507 0.360352 186.541 Suffix 1162 50507 0.251764 69.427 Stem 14509 50507 0.0339128 5935.32 SubMorph 4382 33190 0.00301498 1263.12
420	1	27681.3	1.21053e+06	23166	3475	47032	2	0.1 Prefix 3595 50507 0.371871 171.069 Suffix 1125 50507 0.209331 73.7184 Stem 14288 50507 0.0152206 5999.89 SubMorph 4158 33058 0.00455764 1231.69
430	1	28147.5	1.20858e+06	23481	3398	47109	0	0.1 Prefix 3634 50507 0.364343 177.244 Suffix 1135 50507 0.236426 69.0454 Stem 14423 50507 0.0543976 5697.52 SubMorph 4289 33038 0.0124406 1272.88
440	1	28608.5	1.20821e+06	23330	3572	46935	0	0.1 Prefix 3396 50507 0.366569 178.67 Suffix 1161 50507 0.264609 55.1333 Stem 14357 50507 0.017158 5934.11 SubMorph 4416 33001 0.0018139 1302.81
450	1	29078.9	1.20977e+06	23581	3612	46895	0	0.1 Prefix 3570 50507 0.38625 156.523 Suffix 1202 50507 0.240749 70.9614 Stem 14366 50507 0.036849 5843.66 SubMorph 4443 33072 0.00286048 1335.54
460	1	29552.3	1.20992e+06	23514	3471	47036	0	0.1 Prefix 3682 50507 0.356478 191.956 Suffix 1125 50507 0.253131 61.936 Stem 14352 50507 0.053054 5640.35 SubMorph 4355 33073 0.00158535 1294.15
470	1	30019.8	1.21205e+06	23411	3477	47030	0	0.1 Prefix 3570 50507 0.379129 171.533 Suffix 1090 50507 0.244945 54.0483 Stem 14349 50507 0.017719 5930.2 SubMorph 4402 32912 0.0131931 1252.19
480	1	30505.8	1.20938e+06	23435	3624	46883	1	0.1 Prefix 3616 50507 0.362077 189.156 Suffix 1112 50507 0.23221 70.5775 Stem 14345 50507 0.0404046 5771.39 SubMorph 4362 32892 0.00584447 1258.12
490	1	30992.7	1.20777e+06	23654	3699	46808	2	0.1 Prefix 3693 50507 0.380118 173.565 Suffix 1090 50507 0.255255 64.9203 Stem 14418 50507 0.0422027 5786.55 SubMorph 4453 33038 6.45398e-05 1347.02
500	1	31478.8	1.20314e+06	23663	3785	46722	0	0.1 Prefix 3617 50507 0.367714 176.004 Suffix 1061 50507 0.227317 64.8058 Stem 14545 50507 0.0421825 5759.16 SubMorph 4440 33133 0.00217188 1348.06
