# D = 1, E = 1, I = 1, P = 0, R = -1, n = 400, N = 1, P = 0, w = 1, a = 0.1, b = 1000, e = 1, f = 1, g = 10, h = 0.1, r = 1580791508, s = 1, S = 0, x = 10, m = 0, Z = 1, z = 0, T = 1, t = 1
# 529804 tokens in 50507 sentences
#
# It	Temp	Time	-logP	tables	same	changed	reject	default_pya	(parent pym pyn pya pyb)*
0	1	23.192	2.90186e+06	500476	0	50507	0	0.1 Compound 63469 63469 0.1 1000 SubMorph 235222 235222 0.1 1000 Suffix 37154 37154 0.1 1000 Prefix 37693 37693 0.1 1000 Stem 63469 63469 0.1 1000 StemPrefixes 63469 63469 0.1 1000
10	1	2658.3	1.10949e+06	76561	12535	37972	1	0.1 Compound 46998 61132 0.918446 199.588 SubMorph 3381 15222 0.0814186 1013.13 Suffix 2784 44176 0.17158 365.039 Prefix 3280 15518 0.294173 510.699 Stem 4870 15248 0.401678 746.586 StemPrefixes 15248 46998 0.190805 4721.97
20	1	4309.05	1.04968e+06	78935	15179	35328	2	0.1 Compound 49231 55876 0.970258 15.7976 SubMorph 2551 16093 0.00487765 840.671 Suffix 1769 47066 0.0883768 267.026 Prefix 3165 16581 0.344944 398.894 Stem 5827 16392 0.423189 941.661 StemPrefixes 16392 49231 0.180479 5411.13
30	1	8733.21	1.01998e+06	80764	17010	33497	0	0.1 Compound 50166 53669 0.983938 19.2987 SubMorph 2425 17091 0.00642284 735.939 Suffix 1524 48225 0.129513 178.728 Prefix 3052 16736 0.408832 260.876 Stem 6598 16999 0.418092 1213.31 StemPrefixes 16999 50166 0.19216 5561.11
40	1	11643.5	1.0051e+06	81203	18322	32185	0	0.1 Compound 50493 52763 0.990817 9.06599e-05 SubMorph 2291 17432 0.00126436 682.152 Suffix 1407 48750 0.1355 163.837 Prefix 2884 16692 0.340212 329.453 Stem 6848 17280 0.380783 1572.17 StemPrefixes 17280 50493 0.196939 5607.4
50	1	14529.8	992474	81456	19423	31084	0	0.1 Compound 50696 52277 0.9948 0.131231 SubMorph 2322 17515 0.0261183 636.371 Suffix 1245 48893 0.134457 125.569 Prefix 2826 16833 0.352326 325.435 Stem 6946 17421 0.370639 1625.05 StemPrefixes 17421 50696 0.21505 5361.61
60	1	20332.6	983566	81776	20571	29936	0	0.1 Compound 50746 51974 0.996083 0.000113604 SubMorph 2240 17727 0.0118992 596.4 Suffix 1256 49031 0.200093 95.0285 Prefix 2850 16931 0.386943 232.684 Stem 6966 17718 0.331259 1841.79 StemPrefixes 17718 50746 0.24784 5143.95
70	1	29498.3	975764	81965	21585	28922	1	0.1 Compound 50831 51808 0.997025 2.77281 SubMorph 2263 17712 0.0305565 645.536 Suffix 1172 49071 0.173519 96.6165 Prefix 2891 16981 0.411882 228.682 Stem 7098 17710 0.354088 1737.45 StemPrefixes 17710 50831 0.221575 5557.07
80	1	41860.9	972737	82222	21936	28571	0	0.1 Compound 50827 51629 0.99743 0.178546 SubMorph 2314 18081 0.00447431 647.507 Suffix 1156 49150 0.181307 101.527 Prefix 2779 16761 0.358311 277.542 Stem 7326 17820 0.387843 1673.12 StemPrefixes 17820 50827 0.242938 5244.22
90	1	64432.7	968170	82154	22415	28092	1	0.1 Compound 50842 51497 0.998404 9.57988e-05 SubMorph 2232 18057 0.000114122 634.586 Suffix 1096 49157 0.154466 95.6511 Prefix 2786 16871 0.396339 228.385 Stem 7283 17915 0.371325 1769.55 StemPrefixes 17915 50842 0.215543 5795.66
100	1	78853.5	965660	82567	23263	27244	0	0.1 Compound 50844 51453 0.998445 0.000313565 SubMorph 2389 18355 0.0345289 633.716 Suffix 1076 49125 0.168768 92.2443 Prefix 2769 16773 0.38305 252.344 Stem 7552 17937 0.392289 1748.82 StemPrefixes 17937 50844 0.241331 5449.45
110	1	90373.3	964082	82467	23128	27379	0	0.1 Compound 50855 51428 0.998569 0.360987 SubMorph 2344 18214 0.0194505 674.191 Suffix 1070 49116 0.177418 88.526 Prefix 2722 16896 0.370394 273.091 Stem 7459 18017 0.41153 1604.7 StemPrefixes 18017 50855 0.22762 5702.94
120	1	118328	958983	82654	24330	26177	0	0.1 Compound 50856 51383 0.998552 0.00447199 SubMorph 2444 18526 0.00287124 724.951 Suffix 1012 49040 0.199501 79.9719 Prefix 2821 16675 0.423042 239.252 Stem 7537 17984 0.391173 1722.12 StemPrefixes 17984 50856 0.223928 5659.48
130	1	137412	955971	82742	25236	25271	0	0.1 Compound 50822 51306 0.998924 0.0578449 SubMorph 2433 18359 0.00931287 711.965 Suffix 1046 49009 0.165501 91.687 Prefix 2703 16788 0.388181 232.111 Stem 7527 18211 0.396602 1734.53 StemPrefixes 18211 50822 0.233434 5691.52
140	1	219740	952275	82773	25973	24534	0	0.1 Compound 50824 51316 0.998636 0.0246458 SubMorph 2356 18769 0.00430827 678.71 Suffix 1050 48962 0.242893 57.1754 Prefix 2795 16711 0.407348 232.79 Stem 7671 18077 0.405027 1730.51 StemPrefixes 18077 50824 0.233592 5594.33
150	1	237620	948201	82910	26514	23993	2	0.1 Compound 50820 51278 0.998837 0.836248 SubMorph 2347 18665 0.00297961 667.92 Suffix 987 48978 0.208094 64.505 Prefix 2770 16644 0.416583 210.145 Stem 7739 18247 0.421081 1663.28 StemPrefixes 18247 50820 0.236943 5655.63
160	1	250013	946056	82768	27452	23055	0	0.1 Compound 50817 51243 0.99891 3.84743 SubMorph 2459 18423 0.0214027 663.992 Suffix 945 48890 0.169504 80.5353 Prefix 2928 16820 0.438843 212.881 Stem 7461 18158 0.346002 1999.03 StemPrefixes 18158 50817 0.241285 5496.39
170	1	280926	943992	82764	27914	22593	0	0.1 Compound 50794 51242 0.998992 1.42407 SubMorph 2455 18414 0.00559934 734.509 Suffix 976 48871 0.200524 68.2898 Prefix 2755 16811 0.380658 277.649 Stem 7647 18137 0.395471 1784.55 StemPrefixes 18137 50794 0.226033 5726.28
180	1	312204	942197	82985	28985	21522	0	0.1 Compound 50823 51231 0.998979 0.779032 SubMorph 2521 18557 0.0129045 741.639 Suffix 921 48891 0.217902 49.9046 Prefix 2622 16718 0.389992 229.833 Stem 7796 18302 0.377797 1928.4 StemPrefixes 18302 50823 0.23726 5701.53
190	1	348994	941078	83247	29063	21444	1	0.1 Compound 50821 51218 0.998855 4.72213e-12 SubMorph 2479 19040 0.00510473 722.215 Suffix 940 48854 0.215823 60.6779 Prefix 2744 16639 0.409227 214.829 Stem 7989 18274 0.45134 1596.17 StemPrefixes 18274 50821 0.238076 5556.82
200	1	411396	940083	82868	29428	21079	0	0.1 Compound 50819 51220 0.999175 27.5112 SubMorph 2426 18779 0.0397719 615.205 Suffix 941 48794 0.203784 71.117 Prefix 2641 16685 0.363204 238.178 Stem 7831 18210 0.382025 1938.13 StemPrefixes 18210 50819 0.231387 5632.87
210	1	436143	940383	83060	28986	21521	0	0.1 Compound 50812 51182 0.999355 0.0713878 SubMorph 2388 18961 0.00722273 683.126 Suffix 933 48809 0.210379 62.6331 Prefix 2786 16841 0.412089 205.458 Stem 7843 18298 0.413302 1830.47 StemPrefixes 18298 50812 0.24536 5424.59
220	1	470908	936885	82920	29776	20731	1	0.1 Compound 50820 51195 0.999071 1.88965e-05 SubMorph 2423 18702 0.00900807 700.783 Suffix 946 48790 0.179876 71.6911 Prefix 2760 16661 0.399777 227.17 Stem 7680 18291 0.384668 1810.34 StemPrefixes 18291 50820 0.246889 5441.36
230	1	508955	936802	82951	29990	20517	1	0.1 Compound 50789 51130 0.999455 0.0142575 SubMorph 2359 18798 0.00325167 695.151 Suffix 945 48821 0.177927 73.6771 Prefix 2782 16772 0.406083 203.447 Stem 7736 18340 0.377166 1917.02 StemPrefixes 18340 50789 0.259612 5423.13
240	1	552932	933317	82940	30916	19591	0	0.1 Compound 50809 51155 0.999338 0.00995795 SubMorph 2386 18932 0.00406047 654.354 Suffix 917 48818 0.17001 85.6615 Prefix 2813 16576 0.408337 215.029 Stem 7806 18209 0.380702 1944.97 StemPrefixes 18209 50809 0.231171 5676.36
250	1	596660	933036	83240	31331	19176	1	0.1 Compound 50807 51130 0.999363 2.28629e-08 SubMorph 2502 18966 0.000917498 742.572 Suffix 919 48803 0.229304 54.6012 Prefix 2764 16692 0.396552 229.112 Stem 7985 18263 0.416464 1824.64 StemPrefixes 18263 50807 0.228687 5823.11
260	1	656067	930606	83171	31712	18795	0	0.1 Compound 50782 51094 0.999422 1.14442e-09 SubMorph 2583 18660 0.0205947 724.155 Suffix 879 48822 0.195698 56.9994 Prefix 2574 16764 0.384843 240.598 Stem 7963 18390 0.416948 1765.83 StemPrefixes 18390 50782 0.250858 5571.78
270	1	675773	930440	83149	31408	19099	1	0.1 Compound 50757 51080 0.99938 1.598 SubMorph 2393 19048 0.016972 663.357 Suffix 884 48807 0.212456 53.4984 Prefix 2589 16706 0.385745 225.977 Stem 8072 18454 0.42415 1717.74 StemPrefixes 18454 50757 0.24086 5641.95
280	1	700297	929121	83516	32152	18355	1	0.1 Compound 50795 51074 0.999485 0.0757791 SubMorph 2499 19268 0.0123801 712.482 Suffix 855 48785 0.209932 57.3061 Prefix 2877 16586 0.379268 267.164 Stem 8072 18418 0.420002 1741.31 StemPrefixes 18418 50795 0.265461 5242.4
290	1	718424	928351	83132	32498	18009	1	0.1 Compound 50796 51090 0.999311 0.082364 SubMorph 2494 18989 0.0119914 683.966 Suffix 873 48760 0.21903 60.8844 Prefix 2874 16581 0.441159 207.13 Stem 7781 18314 0.419782 1703.09 StemPrefixes 18314 50796 0.251081 5652.84
300	1	915812	927009	83508	33184	17323	3	0.1 Compound 50787 51074 0.999472 2.46166e-07 SubMorph 2453 19159 0.00786378 702.737 Suffix 844 48775 0.21225 51.005 Prefix 2933 16773 0.438523 185.413 Stem 7956 18535 0.411828 1742.37 StemPrefixes 18535 50787 0.276117 5162.08
310	1	930724	926351	83569	32604	17903	0	0.1 Compound 50791 51066 0.999565 18.8143 SubMorph 2657 19061 0.0112282 801.386 Suffix 826 48727 0.17952 61.7421 Prefix 2907 16686 0.414392 213.625 Stem 7970 18418 0.41635 1772.18 StemPrefixes 18418 50791 0.235098 5761.69
320	1	998444	925587	83526	32684	17823	2	0.1 Compound 50780 51049 0.999461 0.0139491 SubMorph 2644 18941 0.00224452 773.193 Suffix 820 48756 0.211026 54.7558 Prefix 2885 16781 0.411113 213.8 Stem 7947 18450 0.448841 1563.57 StemPrefixes 18450 50780 0.249361 5523.73
330	1	1.03043e+06	924295	83578	32994	17513	1	0.1 Compound 50783 51042 0.999581 0.00047436 SubMorph 2604 19212 0.00875193 767.835 Suffix 831 48736 0.168267 64.5798 Prefix 2897 16626 0.421626 213.325 Stem 8048 18415 0.402344 1928.03 StemPrefixes 18415 50783 0.233771 5678.49
340	1	1.06389e+06	925094	83797	32558	17949	0	0.1 Compound 50788 51046 0.999534 0.558496 SubMorph 2685 18999 0.0588538 704.033 Suffix 844 48728 0.21807 54.8844 Prefix 3024 16609 0.416842 223.756 Stem 7941 18515 0.426099 1722.28 StemPrefixes 18515 50788 0.242378 5812.06
350	1	1.07785e+06	922638	83700	33188	17319	1	0.1 Compound 50787 51050 0.999427 0.00154876 SubMorph 2622 19020 0.0110464 792.872 Suffix 807 48670 0.217643 50.2963 Prefix 2943 16737 0.447728 187.797 Stem 8094 18447 0.416429 1898.21 StemPrefixes 18447 50787 0.253714 5584.57
360	1	1.10769e+06	924279	84027	32705	17802	1	0.1 Compound 50764 51028 0.999524 8.47432e-05 SubMorph 2752 19291 0.00353501 855.729 Suffix 811 48663 0.157821 74.0648 Prefix 2933 16579 0.444474 224.77 Stem 8168 18599 0.388039 2069.57 StemPrefixes 18599 50764 0.248621 5756.79
370	1	1.13211e+06	924925	84049	32775	17732	0	0.1 Compound 50774 51018 0.999492 0.0426951 SubMorph 2648 19574 0.00528738 796.625 Suffix 854 48708 0.221016 48.6682 Prefix 2920 16485 0.435285 206.385 Stem 8338 18515 0.43817 1777.7 StemPrefixes 18515 50774 0.255829 5505.48
380	1	1.16844e+06	923326	83888	32972	17535	1	0.1 Compound 50777 51035 0.999556 8.84446 SubMorph 2720 19388 5.97027e-05 814.205 Suffix 849 48705 0.229017 44.5049 Prefix 2859 16466 0.421591 197.044 Stem 8267 18416 0.42478 1901.67 StemPrefixes 18416 50777 0.24983 5659.15
390	1	1.21231e+06	920162	83657	33512	16995	0	0.1 Compound 50747 50988 0.999599 1.50827e-15 SubMorph 2540 19187 0.00140884 753.656 Suffix 799 48708 0.18447 59.4191 Prefix 2944 16522 0.450481 218.544 Stem 8050 18577 0.418287 1828.33 StemPrefixes 18577 50747 0.254772 5701.48
400	1	1.24683e+06	921134	83597	32822	17685	0	0.1 Compound 50752 50987 0.999643 0.00129188 SubMorph 2561 19059 0.00104627 787.65 Suffix 810 48628 0.176526 60.0864 Prefix 2851 16601 0.410153 231.657 Stem 8059 18564 0.404411 1965.28 StemPrefixes 18564 50752 0.263771 5308.91
