# D = 1, E = 1, I = 1, P = 0, R = -1, n = 500, N = 1, P = 0, w = 1, a = 0.1, b = 1000, e = 1, f = 1, g = 10, h = 0.1, r = 1599500779, s = 1, S = 0, x = 10, m = 0, Z = 1, z = 0, T = 1, t = 1
# 529804 tokens in 50507 sentences
#
# It	Temp	Time	-logP	tables	same	changed	reject	default_pya	(parent pym pyn pya pyb)*
0	1	27.72	2.7977e+06	426383	0	50507	0	0.1 Stem 29606 29606 0.1 1000 Compound 83857 83857 0.1 1000 PrefixMorph 45179 45179 0.1 1000 SuffixMorph 44943 44943 0.1 1000 SubMorph 222798 222798 0.1 1000
10	1	2487.83	1.31485e+06	45510	8666	41841	0	0.1 Stem 1062 4280 0.680049 11.953 Compound 29110 102941 0.152635 9071.04 PrefixMorph 5737 19402 0.222385 1553.48 SuffixMorph 6020 21621 0.226776 1575.39 SubMorph 3581 18896 0.0415649 1132.13
20	1	3965.82	1.28808e+06	47810	8522	41985	1	0.1 Stem 440 5352 0.453808 12.582 Compound 31507 100767 0.252273 8283.8 PrefixMorph 6383 21027 0.278556 1556.03 SuffixMorph 6608 21507 0.351778 1222.33 SubMorph 2872 20001 0.0173073 833.02
30	1	5422.8	1.2763e+06	48966	8682	41825	1	0.1 Stem 193 6292 0.183918 20.6345 Compound 32709 99584 0.292687 7825.72 PrefixMorph 6861 20867 0.369513 1297.24 SuffixMorph 6589 21984 0.362142 1132.8 SubMorph 2614 21108 0.0207099 724.289
40	1	6902.98	1.2699e+06	48898	8488	42019	1	0.1 Stem 153 7123 0.0872516 21.1367 Compound 33255 99228 0.293466 8170.75 PrefixMorph 7343 21898 0.350669 1493.33 SuffixMorph 5704 21233 0.322682 1034.8 SubMorph 2443 20248 0.0101149 681.09
50	1	8439.84	1.26052e+06	48143	8743	41764	2	0.1 Stem 149 7555 0.0413586 21.512 Compound 33506 98758 0.286504 8560.67 PrefixMorph 7111 22494 0.349219 1383.07 SuffixMorph 4992 20765 0.259648 945.656 SubMorph 2385 19121 0.00891114 639.816
60	1	9939.53	1.25378e+06	48141	8758	41749	2	0.1 Stem 120 8264 0.00677059 19.2222 Compound 34123 98440 0.312066 7989.54 PrefixMorph 6997 22933 0.329067 1423.48 SuffixMorph 4612 20646 0.267892 815.498 SubMorph 2289 18450 0.0431848 587.414
70	1	11375.8	1.25061e+06	48017	8599	41908	0	0.1 Stem 106 8216 0.0176075 15.1602 Compound 34192 98080 0.318957 8130.08 PrefixMorph 7112 23411 0.361764 1298.65 SuffixMorph 4419 20603 0.27406 772.953 SubMorph 2188 18584 0.00614092 616.438
80	1	12789.6	1.24697e+06	47698	8623	41884	0	0.1 Stem 101 8307 0.0526984 10.5923 Compound 34238 97879 0.328496 8113.69 PrefixMorph 7065 23931 0.325241 1363.24 SuffixMorph 4092 20206 0.224814 827.147 SubMorph 2202 17996 0.014311 614.218
90	1	14238.4	1.24578e+06	47428	8625	41882	0	0.1 Stem 103 8589 0.0150237 16.7093 Compound 33960 97823 0.31783 8114.92 PrefixMorph 7181 23869 0.289299 1558.52 SuffixMorph 4009 19966 0.221907 815.812 SubMorph 2175 17862 0.00117871 637.041
100	1	15638.5	1.24203e+06	47310	8715	41792	2	0.1 Stem 81 8617 0.0101492 11.3286 Compound 34327 97829 0.352169 7498.11 PrefixMorph 6942 23813 0.311222 1334.73 SuffixMorph 3882 20289 0.223905 759.646 SubMorph 2078 17590 0.00367336 624.495
110	1	17012.1	1.24336e+06	46423	8645	41862	2	0.1 Stem 74 8412 0.00882731 12.4548 Compound 33826 98007 0.317854 7969.59 PrefixMorph 6562 23666 0.236189 1638.62 SuffixMorph 3829 20228 0.176083 855.183 SubMorph 2132 16839 0.00250865 631.834
120	1	18437.3	1.23798e+06	46413	8556	41951	1	0.1 Stem 74 8840 0.0152379 9.97075 Compound 33901 97972 0.32787 7622.7 PrefixMorph 6752 23612 0.335295 1313.43 SuffixMorph 3694 19903 0.225207 710.869 SubMorph 1992 17008 0.00438504 550.793
130	1	19818.7	1.24113e+06	46346	8464	42043	1	0.1 Stem 77 8487 0.00308926 10.1613 Compound 33824 97902 0.313683 7861.94 PrefixMorph 7070 23882 0.292543 1501.55 SuffixMorph 3446 19944 0.125418 813.915 SubMorph 1929 17190 0.0234771 484.388
140	1	21214.9	1.23616e+06	47094	8751	41756	2	0.1 Stem 82 9054 0.0250941 10.6394 Compound 34242 97766 0.33203 7720.55 PrefixMorph 7130 23742 0.319215 1530.79 SuffixMorph 3595 19953 0.243701 612.377 SubMorph 2045 17414 0.00673437 566.025
150	1	22613	1.23381e+06	46921	8699	41808	2	0.1 Stem 89 8971 0.00237349 15.6907 Compound 34314 97418 0.347821 7454.9 PrefixMorph 6784 23630 0.276977 1497.64 SuffixMorph 3708 20441 0.210968 717.108 SubMorph 2026 17251 0.00658756 561.587
160	1	23986.8	1.23746e+06	46620	8566	41941	1	0.1 Stem 82 8856 0.000108413 13.3028 Compound 34025 97658 0.341741 7520.98 PrefixMorph 6887 23953 0.300065 1375.1 SuffixMorph 3528 20053 0.163209 765.12 SubMorph 2098 17070 0.058154 502.96
170	1	25383.7	1.23627e+06	46503	8581	41926	1	0.1 Stem 72 8995 0.0261532 8.17008 Compound 34100 97760 0.328942 7818.52 PrefixMorph 6834 23628 0.283239 1488.89 SuffixMorph 3482 20259 0.189133 710.217 SubMorph 2015 16800 0.00308368 573.783
180	1	26742.6	1.23458e+06	46437	8688	41819	2	0.1 Stem 81 8949 0.00683607 8.6021 Compound 34312 97587 0.33175 7907.4 PrefixMorph 6663 23725 0.296778 1344.76 SuffixMorph 3417 20541 0.195314 688.928 SubMorph 1964 16622 0.00182644 541.033
190	1	28097.5	1.2331e+06	46347	8852	41655	1	0.1 Stem 73 9031 0.0303125 9.96426 Compound 34294 97498 0.327336 7902.2 PrefixMorph 6757 23868 0.261618 1581.27 SuffixMorph 3419 20344 0.201115 659.402 SubMorph 1804 16832 0.00664461 491.011
200	1	29419.6	1.23379e+06	46503	8808	41699	1	0.1 Stem 69 8930 0.00197737 10.5429 Compound 34102 97472 0.345117 7665.1 PrefixMorph 6723 23429 0.237473 1690.66 SuffixMorph 3647 20668 0.234774 663.356 SubMorph 1962 17027 0.00538497 556.41
210	1	30770.1	1.23018e+06	46065	8862	41645	0	0.1 Stem 74 9191 0.0901297 7.04387 Compound 34180 97596 0.334941 7776.51 PrefixMorph 6630 23793 0.248082 1571.65 SuffixMorph 3283 20113 0.154024 695.482 SubMorph 1898 16392 0.00775307 520.263
220	1	32133.1	1.22745e+06	47002	8835	41672	0	0.1 Stem 85 9480 0.0157678 12.8575 Compound 34688 97333 0.34092 7946.85 PrefixMorph 6983 23786 0.261442 1653.29 SuffixMorph 3356 20342 0.221921 619.078 SubMorph 1890 16947 0.0142368 507.483
230	1	33497.3	1.2271e+06	47170	8961	41546	3	0.1 Stem 91 9500 0.0512611 10.1448 Compound 34854 97227 0.357146 7490.55 PrefixMorph 6823 23632 0.298017 1447.12 SuffixMorph 3444 20813 0.193571 657.619 SubMorph 1958 16786 0.0279617 549.187
240	1	34883.9	1.23109e+06	46755	8886	41621	2	0.1 Stem 77 8942 0.0343604 9.17807 Compound 34298 97304 0.348134 7455.12 PrefixMorph 6947 23596 0.289591 1484.54 SuffixMorph 3393 20806 0.216151 598.084 SubMorph 2040 17186 0.0256057 530.615
250	1	36255.9	1.23097e+06	46670	8903	41604	3	0.1 Stem 71 9128 0.00310763 9.87255 Compound 34106 97263 0.339921 7587.75 PrefixMorph 6947 23479 0.299841 1455.73 SuffixMorph 3475 20333 0.22041 627.989 SubMorph 2071 17278 0.0183937 568.201
260	1	37678.9	1.23029e+06	46631	8866	41641	2	0.1 Stem 73 9002 0.00232669 9.29854 Compound 34203 97349 0.344009 7579.59 PrefixMorph 6995 23544 0.284308 1591.24 SuffixMorph 3363 20471 0.178726 680.279 SubMorph 1997 17101 0.00263766 580.922
270	1	39060.6	1.23076e+06	46849	8609	41898	1	0.1 Stem 72 9341 0.00167365 8.76601 Compound 34572 97319 0.352939 7558.33 PrefixMorph 6704 23633 0.24665 1630.19 SuffixMorph 3405 20588 0.218112 582.493 SubMorph 2096 16722 0.0102866 601.239
280	1	40470.6	1.23154e+06	46393	8720	41787	2	0.1 Stem 76 9024 0.0191918 10.8942 Compound 34162 97304 0.321861 8153.97 PrefixMorph 6726 23938 0.292697 1387.72 SuffixMorph 3327 20296 0.170162 676.415 SubMorph 2102 16678 0.0170875 581.398
290	1	41850.4	1.23304e+06	46609	8644	41863	0	0.1 Stem 85 8961 0.0862252 8.64591 Compound 34219 97395 0.344702 7589.66 PrefixMorph 6981 23900 0.316959 1412.5 SuffixMorph 3287 20279 0.159816 712.404 SubMorph 2037 17100 0.0171145 592.656
300	1	43309.3	1.23078e+06	46323	8680	41827	4	0.1 Stem 71 8907 0.00895413 10.4475 Compound 33900 97360 0.335532 7522.59 PrefixMorph 7054 23658 0.294448 1650.91 SuffixMorph 3272 20244 0.159467 719.155 SubMorph 2026 17010 0.0162056 546.25
310	1	44717.3	1.22988e+06	46848	8783	41724	1	0.1 Stem 85 9284 0.0272664 11.2578 Compound 34472 97177 0.340757 7727.11 PrefixMorph 6963 23919 0.288369 1491.89 SuffixMorph 3308 20283 0.171878 694.39 SubMorph 2020 17000 0.0284501 556.474
320	1	46071.6	1.22906e+06	47129	8906	41601	0	0.1 Stem 62 9236 0.0402457 9.48888 Compound 34764 97019 0.367313 7261.11 PrefixMorph 7118 24270 0.270687 1637.08 SuffixMorph 3242 20375 0.123802 741.714 SubMorph 1943 17156 0.0143919 523.991
330	1	47460.4	1.22999e+06	46620	8850	41657	0	0.1 Stem 67 9250 0.0156604 10.0075 Compound 34231 97202 0.333122 7841.64 PrefixMorph 7189 24142 0.278286 1676.57 SuffixMorph 3207 19923 0.188451 604.977 SubMorph 1926 17107 0.00396874 538.049
340	1	48815.4	1.23132e+06	46737	8770	41737	0	0.1 Stem 63 9341 0.012203 6.14574 Compound 34335 97337 0.330326 7909.71 PrefixMorph 7162 24172 0.27049 1733.71 SuffixMorph 3147 19963 0.161867 663.933 SubMorph 2030 16868 0.0253051 564.868
350	1	50264.8	1.23108e+06	46417	8705	41802	2	0.1 Stem 70 8883 0.096829 6.85188 Compound 34279 97116 0.342252 7637.12 PrefixMorph 6860 24428 0.229852 1721.25 SuffixMorph 3224 20322 0.187624 594.128 SubMorph 1984 16553 0.00329327 552.048
360	1	51607	1.22898e+06	45908	8703	41804	1	0.1 Stem 77 9005 0.0434617 9.84255 Compound 33800 97258 0.329655 7709.43 PrefixMorph 6991 24129 0.297956 1503.47 SuffixMorph 3117 19814 0.164841 677.419 SubMorph 1923 16619 0.00304095 528.982
370	1	52943.5	1.22792e+06	46336	8820	41687	0	0.1 Stem 67 9357 0.0016458 8.66187 Compound 34331 97361 0.359351 7212.67 PrefixMorph 6861 24357 0.274415 1441.56 SuffixMorph 3146 19942 0.193489 576.682 SubMorph 1931 16514 0.018143 532.541
380	1	54280	1.22999e+06	46746	8745	41762	0	0.1 Stem 71 9075 0.0533382 12.0502 Compound 34381 97144 0.340864 7923.31 PrefixMorph 7208 24752 0.29023 1587.24 SuffixMorph 3051 19806 0.164914 645.695 SubMorph 2035 16932 0.0154953 533.448
390	1	55642.7	1.22881e+06	46695	8652	41855	1	0.1 Stem 66 9287 0.0150457 6.8077 Compound 34334 97128 0.342084 7505.92 PrefixMorph 7199 24010 0.313534 1452.53 SuffixMorph 3124 20184 0.146661 698.655 SubMorph 1972 17055 0.00144167 567.17
400	1	56998.3	1.23156e+06	47248	8676	41831	0	0.1 Stem 72 9324 0.08794 6.01853 Compound 34736 97355 0.352863 7580.67 PrefixMorph 7277 24164 0.312953 1570 SuffixMorph 3204 20189 0.189811 590.305 SubMorph 1959 17389 0.00573855 532.155
410	1	58347.1	1.22579e+06	46805	8696	41811	2	0.1 Stem 64 9400 0.00426185 8.72592 Compound 34435 97277 0.331933 7744.24 PrefixMorph 7170 24011 0.266205 1727.99 SuffixMorph 3175 19934 0.220892 553.131 SubMorph 1961 17042 0.00628805 554.941
420	1	59691.5	1.22673e+06	46565	8649	41858	0	0.1 Stem 61 8915 0.00926633 8.08337 Compound 34218 97076 0.349575 7360.91 PrefixMorph 7414 24655 0.30168 1559.44 SuffixMorph 3026 19685 0.153723 636.431 SubMorph 1846 17363 0.0143527 481.102
430	1	61228.4	1.22671e+06	46616	8666	41841	2	0.1 Stem 62 9028 0.0316746 8.45506 Compound 34255 97048 0.34621 7481.85 PrefixMorph 7455 24666 0.323582 1523.9 SuffixMorph 3020 19758 0.164445 612.338 SubMorph 1824 17373 0.0121512 487.182
440	1	62539.9	1.22636e+06	46472	8566	41941	3	0.1 Stem 60 9330 0.0137192 9.95174 Compound 34369 97204 0.351244 7318.13 PrefixMorph 7209 24243 0.261321 1713.3 SuffixMorph 2982 19817 0.163078 608.912 SubMorph 1852 16965 0.0420172 440.102
450	1	63960.7	1.22741e+06	46592	8616	41891	1	0.1 Stem 56 9338 0.00602194 5.67887 Compound 34202 97409 0.347255 7595.97 PrefixMorph 7360 23916 0.314184 1482.16 SuffixMorph 3076 19751 0.197106 573.566 SubMorph 1898 17200 0.00720975 503.608
460	1	65338.1	1.22856e+06	46740	8514	41993	2	0.1 Stem 63 9378 0.0365601 7.50561 Compound 34357 97338 0.342954 7569.94 PrefixMorph 7366 24337 0.298135 1629.2 SuffixMorph 3061 19570 0.181562 583.718 SubMorph 1893 17274 0.00889259 514.969
470	1	66738.9	1.23223e+06	47125	8491	42016	1	0.1 Stem 61 9232 0.00503097 8.13693 Compound 34667 97116 0.3504 7607.67 PrefixMorph 7304 24683 0.266044 1700.33 SuffixMorph 3152 20027 0.191179 637.995 SubMorph 1941 17200 0.00210452 560.585
480	1	68079	1.22983e+06	46697	8494	42013	3	0.1 Stem 76 9159 0.117171 8.10014 Compound 34213 97087 0.357594 7280.91 PrefixMorph 7331 24394 0.269875 1826.93 SuffixMorph 3154 19712 0.189896 605.968 SubMorph 1923 17514 0.000608671 520.67
490	1	69425.3	1.23102e+06	47007	8384	42123	1	0.1 Stem 59 9201 0.0381466 6.01807 Compound 34606 97087 0.360373 7406.44 PrefixMorph 7210 24633 0.26854 1687.6 SuffixMorph 3113 20028 0.180865 623.445 SubMorph 2019 17207 0.074328 454.849
500	1	70738.6	1.22884e+06	46748	8572	41935	3	0.1 Stem 66 9364 0.0482437 6.85963 Compound 34491 97188 0.353345 7636.6 PrefixMorph 7151 24631 0.273874 1645.19 SuffixMorph 3087 19758 0.166924 598.269 SubMorph 1953 16988 0.00963963 542.61
