# D = 1, E = 1, I = 1, P = 0, R = -1, n = 500, N = 1, P = 0, w = 1, a = 0.1, b = 1000, e = 1, f = 1, g = 10, h = 0.1, r = 1580791252, s = 1, S = 0, x = 10, m = 0, Z = 1, z = 0, T = 1, t = 1
# 529804 tokens in 50507 sentences
#
# It	Temp	Time	-logP	tables	same	changed	reject	default_pya	(parent pym pyn pya pyb)*
0	1	9.552	2.75394e+06	454456	0	50507	0	0.1 Prefix 50507 50507 0.1 1000 Suffix 50507 50507 0.1 1000 Stem 50507 50507 0.1 1000 SubMorph 227316 227316 0.1 1000 SuffixMorph 37958 37958 0.1 1000 PrefixMorph 37661 37661 0.1 1000
10	1	3049.12	1.44838e+06	44859	559	49948	1	0.1 Prefix 12132 50507 0.0640789 4154.85 Suffix 9471 50507 0.301332 1367.07 Stem 12189 50507 0.0590033 4253.55 SubMorph 5249 28299 0.000921122 1769.5 SuffixMorph 1308 7713 0.261078 199.597 PrefixMorph 4510 11503 0.499333 572.313
20	1	4236.58	1.40778e+06	41050	522	49985	1	0.1 Prefix 11889 50507 0.150705 3352.76 Suffix 8461 50507 0.41246 683.589 Stem 11448 50507 0.0518748 3890.69 SubMorph 4310 27424 0.00669735 1331.45 SuffixMorph 840 7986 0.179191 130.455 PrefixMorph 4102 9692 0.60968 306.3
30	1	5315.83	1.38849e+06	39428	580	49927	0	0.1 Prefix 11490 50507 0.168296 2888.64 Suffix 7989 50507 0.451372 461.79 Stem 11464 50507 0.0495456 3780.97 SubMorph 4003 27514 0.00305377 1260.74 SuffixMorph 711 7956 0.251734 73.1776 PrefixMorph 3771 8570 0.699288 148.521
40	1	6327.8	1.37861e+06	37442	705	49802	0	0.1 Prefix 11011 50507 0.20939 2449.42 Suffix 6964 50507 0.406278 487.613 Stem 11539 50507 0.0229817 4198.35 SubMorph 3887 27563 0.00488607 1152.49 SuffixMorph 587 7329 0.243876 67.948 PrefixMorph 3454 7798 0.713791 126.871
50	1	7303.9	1.36715e+06	36499	749	49758	0	0.1 Prefix 10607 50507 0.214601 2327.65 Suffix 6295 50507 0.397088 394.618 Stem 12077 50507 0.0671348 3980.64 SubMorph 3851 27964 0.0107684 1128.88 SuffixMorph 537 6774 0.23688 58.0725 PrefixMorph 3132 7207 0.720516 126.386
60	1	8217	1.35693e+06	34919	745	49762	1	0.1 Prefix 10120 50507 0.199842 2181.47 Suffix 5687 50507 0.388186 383.694 Stem 11896 50507 0.0607734 4050.12 SubMorph 3661 27797 0.0107925 1036.23 SuffixMorph 513 6342 0.28103 46.4834 PrefixMorph 3042 6752 0.735441 66.6439
70	1	9122.22	1.35168e+06	34649	856	49651	2	0.1 Prefix 10021 50507 0.224456 2000.02 Suffix 5517 50507 0.414436 292.978 Stem 12141 50507 0.0713311 4177.77 SubMorph 3664 28250 0.0121354 1050.05 SuffixMorph 487 6262 0.236462 53.7537 PrefixMorph 2819 6279 0.721349 90.9193
80	1	10004.9	1.34577e+06	34441	877	49630	0	0.1 Prefix 9883 50507 0.236263 1875.98 Suffix 5267 50507 0.414095 278.866 Stem 12357 50507 0.0539226 4320.89 SubMorph 3702 28493 0.00256422 1077.42 SuffixMorph 482 6180 0.209998 56.1404 PrefixMorph 2750 6015 0.760988 55.289
90	1	10873.5	1.34457e+06	33783	844	49663	0	0.1 Prefix 9381 50507 0.231256 1780.5 Suffix 5172 50507 0.410154 278.527 Stem 12492 50507 0.0690642 4271.97 SubMorph 3769 28376 0.0134064 1084.23 SuffixMorph 474 6061 0.143169 69.1971 PrefixMorph 2495 5783 0.752853 50.1624
100	1	11727.7	1.34007e+06	33746	908	49599	3	0.1 Prefix 9683 50507 0.24158 1758.48 Suffix 4965 50507 0.432526 199.529 Stem 12343 50507 0.0407357 4385.26 SubMorph 3752 28531 0.00939018 1068.39 SuffixMorph 477 5853 0.227447 57.6777 PrefixMorph 2526 5522 0.784222 17.2687
110	1	12588.5	1.33817e+06	33572	855	49652	0	0.1 Prefix 9208 50507 0.240909 1606.55 Suffix 5191 50507 0.453156 187.232 Stem 12510 50507 0.0318225 4686.79 SubMorph 3884 28363 8.80879e-05 1192.85 SuffixMorph 442 6077 0.175669 60.223 PrefixMorph 2337 5296 0.764822 45.2393
120	1	13435.9	1.3382e+06	33289	826	49681	0	0.1 Prefix 8942 50507 0.230184 1606.88 Suffix 5071 50507 0.443106 200.523 Stem 12608 50507 0.0372578 4552.36 SubMorph 3888 28739 0.003825 1197.75 SuffixMorph 427 5911 0.164747 53.4272 PrefixMorph 2353 5115 0.800132 25.69
130	1	14277	1.33579e+06	32887	905	49602	3	0.1 Prefix 9072 50507 0.254331 1541 Suffix 4722 50507 0.413541 200.996 Stem 12685 50507 0.0466475 4643.21 SubMorph 3773 28574 0.00244132 1096.01 SuffixMorph 411 5655 0.236282 49.0245 PrefixMorph 2224 4954 0.750749 39.6199
140	1	15118.2	1.33614e+06	33084	826	49681	1	0.1 Prefix 9050 50507 0.248458 1560.56 Suffix 4733 50507 0.406626 215.072 Stem 12863 50507 0.0635042 4579.88 SubMorph 3861 28783 0.0117575 1102.43 SuffixMorph 409 5603 0.250477 38.4244 PrefixMorph 2168 4953 0.752216 46.2106
150	1	15933.2	1.33604e+06	33098	825	49682	1	0.1 Prefix 9016 50507 0.275828 1401.34 Suffix 4665 50507 0.427257 195.731 Stem 13036 50507 0.0680212 4645.71 SubMorph 3832 29209 0.00671917 1102.25 SuffixMorph 441 5553 0.263751 53.7653 PrefixMorph 2108 4726 0.756958 24.9523
160	1	16773.2	1.32993e+06	32356	872	49635	2	0.1 Prefix 8642 50507 0.277544 1256.41 Suffix 4400 50507 0.418155 205.045 Stem 13081 50507 0.0706342 4592.84 SubMorph 3827 29172 0.00874483 1095.83 SuffixMorph 409 5318 0.227729 40.8271 PrefixMorph 1997 4538 0.757391 43.3624
170	1	17592.5	1.32501e+06	32106	863	49644	1	0.1 Prefix 8727 50507 0.296221 1271.97 Suffix 4242 50507 0.419561 157.127 Stem 12904 50507 0.0418513 4906.66 SubMorph 3833 29005 0.0113226 1112.33 SuffixMorph 395 5211 0.227718 48.8308 PrefixMorph 2005 4627 0.761768 37.0117
180	1	18390.2	1.31882e+06	31979	944	49563	1	0.1 Prefix 8483 50507 0.315513 1043.45 Suffix 4294 50507 0.449496 135.175 Stem 12957 50507 0.0276033 4988.79 SubMorph 3839 28988 0.000559083 1097.93 SuffixMorph 417 5302 0.220024 57.784 PrefixMorph 1989 4479 0.75552 47.5633
190	1	19204.9	1.31939e+06	32082	963	49544	2	0.1 Prefix 8652 50507 0.320777 1060.49 Suffix 4306 50507 0.445246 139.484 Stem 12953 50507 0.0440902 4811.13 SubMorph 3810 29242 0.0125576 1081.29 SuffixMorph 413 5225 0.20194 48.2932 PrefixMorph 1948 4414 0.77353 36.8276
200	1	20004.9	1.31745e+06	32095	972	49535	3	0.1 Prefix 8529 50507 0.335871 996.296 Suffix 4329 50507 0.442937 161.251 Stem 13157 50507 0.0758087 4718.51 SubMorph 3730 29515 0.00233453 1062.78 SuffixMorph 402 5232 0.17548 53.9864 PrefixMorph 1948 4194 0.778144 25.7962
210	1	20803.6	1.32048e+06	31411	922	49585	1	0.1 Prefix 8203 50507 0.318752 981.509 Suffix 4036 50507 0.399564 151.451 Stem 13124 50507 0.0493821 4877.94 SubMorph 3743 29427 0.00595129 1112.46 SuffixMorph 414 4941 0.23556 47.8873 PrefixMorph 1891 4163 0.776576 19.5453
220	1	21598.3	1.31835e+06	31121	966	49541	1	0.1 Prefix 7930 50507 0.295658 1013.5 Suffix 3986 50507 0.424103 159.551 Stem 13227 50507 0.0595311 4892.98 SubMorph 3751 29397 0.00256555 1091.38 SuffixMorph 410 4977 0.245173 50.9535 PrefixMorph 1817 3926 0.750302 36.5905
230	1	22351.7	1.3148e+06	30896	1012	49495	1	0.1 Prefix 7819 50507 0.282197 1125.01 Suffix 3877 50507 0.419285 117.121 Stem 13225 50507 0.0401283 5087.65 SubMorph 3781 29414 0.0105384 1052.87 SuffixMorph 395 4860 0.230903 46.6616 PrefixMorph 1799 4000 0.791 31.745
240	1	23123.8	1.31192e+06	31246	1012	49495	1	0.1 Prefix 8155 50507 0.338367 930.496 Suffix 4021 50507 0.440601 145.525 Stem 13114 50507 0.0276458 5070.96 SubMorph 3872 29127 0.00510066 1147.89 SuffixMorph 390 5067 0.186516 51.573 PrefixMorph 1694 3989 0.732725 62.0161
250	1	23901.7	1.30802e+06	31349	1203	49304	2	0.1 Prefix 8449 50507 0.341638 985.9 Suffix 3575 50507 0.414275 138.951 Stem 13266 50507 0.053079 4896.76 SubMorph 3917 29402 0.00144548 1168.84 SuffixMorph 382 4646 0.240308 46.1397 PrefixMorph 1760 3914 0.75198 40.8493
260	1	24706.9	1.30742e+06	31836	1080	49427	2	0.1 Prefix 8529 50507 0.353856 877.917 Suffix 3869 50507 0.443719 129.197 Stem 13378 50507 0.0677938 4807.83 SubMorph 3942 29544 0.00477477 1178.57 SuffixMorph 359 4858 0.0828741 63.9836 PrefixMorph 1759 3917 0.764082 41.0022
270	1	25527.3	1.3119e+06	31550	1014	49493	2	0.1 Prefix 8160 50507 0.317405 985.903 Suffix 3980 50507 0.441868 129.218 Stem 13417 50507 0.06517 4921.78 SubMorph 3866 29757 0.00353355 1152 SuffixMorph 380 4895 0.101046 62.7151 PrefixMorph 1747 3845 0.801242 4.79874
280	1	26319.3	1.31041e+06	31488	1064	49443	0	0.1 Prefix 8054 50507 0.322841 1003.78 Suffix 3996 50507 0.414241 163.223 Stem 13435 50507 0.0559388 5023.11 SubMorph 3960 29658 0.00273507 1177.61 SuffixMorph 403 4947 0.113336 73.5944 PrefixMorph 1640 3745 0.766811 20.5968
290	1	27092.8	1.30661e+06	31102	1118	49389	0	0.1 Prefix 7867 50507 0.30781 943.299 Suffix 3864 50507 0.422825 136.757 Stem 13444 50507 0.0806832 4780.92 SubMorph 3882 29770 0.007257 1115.74 SuffixMorph 383 4803 0.0686505 72.6653 PrefixMorph 1662 3606 0.788519 14.8084
300	1	27853.8	1.30855e+06	30973	1089	49418	0	0.1 Prefix 7678 50507 0.321245 839.293 Suffix 3820 50507 0.433299 138.232 Stem 13539 50507 0.0291601 5300.86 SubMorph 3920 29948 0.0255708 1105.87 SuffixMorph 382 4722 0.0804622 78.9995 PrefixMorph 1634 3563 0.75718 29.7521
310	1	28611.6	1.30584e+06	30573	1136	49371	4	0.1 Prefix 7565 50507 0.295543 928.04 Suffix 3604 50507 0.427051 128.659 Stem 13539 50507 0.050216 5102.53 SubMorph 3895 29805 0.00458032 1119.34 SuffixMorph 388 4509 0.240665 45.4714 PrefixMorph 1582 3509 0.802087 0.0106588
320	1	29361	1.30355e+06	30442	1152	49355	1	0.1 Prefix 7455 50507 0.283833 933.591 Suffix 3670 50507 0.427391 121.874 Stem 13508 50507 0.0638465 4922.61 SubMorph 3877 29758 0.00120582 1146.65 SuffixMorph 368 4552 0.109305 58.4894 PrefixMorph 1564 3520 0.788829 22.2733
330	1	30110	1.30216e+06	30752	1115	49392	0	0.1 Prefix 7353 50507 0.304423 877.065 Suffix 3821 50507 0.46118 99.0733 Stem 13674 50507 0.067553 4997.09 SubMorph 3978 30110 0.0245297 1126.39 SuffixMorph 378 4785 0.244529 43.3175 PrefixMorph 1548 3287 0.777363 40.4275
340	1	30865.8	1.30094e+06	30617	1138	49369	0	0.1 Prefix 7399 50507 0.309878 836.975 Suffix 3853 50507 0.474817 94.7346 Stem 13664 50507 0.0814779 4871.65 SubMorph 3849 30044 0.000538657 1167.22 SuffixMorph 369 4727 0.208953 46.0196 PrefixMorph 1483 3242 0.765195 30.1673
350	1	31627.9	1.30061e+06	30798	1152	49355	2	0.1 Prefix 7653 50507 0.355272 778.529 Suffix 3688 50507 0.434346 103.275 Stem 13639 50507 0.0621701 5102.93 SubMorph 3942 29952 0.000862151 1166.09 SuffixMorph 363 4619 0.224577 42.1732 PrefixMorph 1513 3306 0.774242 11.4427
360	1	32384.9	1.30147e+06	30819	1117	49390	0	0.1 Prefix 7773 50507 0.363811 733.442 Suffix 3630 50507 0.418816 133.073 Stem 13639 50507 0.0618025 5012.99 SubMorph 3929 29928 0.00443799 1117.91 SuffixMorph 370 4649 0.178187 46.6551 PrefixMorph 1478 3345 0.750201 21.0825
370	1	33168.4	1.30265e+06	31421	1087	49420	0	0.1 Prefix 7967 50507 0.35274 807.063 Suffix 3922 50507 0.467256 88.937 Stem 13721 50507 0.0326513 5333.01 SubMorph 3937 30068 0.00586879 1141.37 SuffixMorph 390 4893 0.166462 45.9882 PrefixMorph 1484 3354 0.788283 21.2489
380	1	33937.9	1.30365e+06	30756	1045	49462	2	0.1 Prefix 7455 50507 0.349483 692.5 Suffix 3809 50507 0.464795 104.942 Stem 13664 50507 0.0378991 5375.13 SubMorph 3942 29901 0.00255437 1151.27 SuffixMorph 398 4779 0.248006 41.6807 PrefixMorph 1488 3310 0.780513 4.90142
390	1	34694.3	1.30224e+06	30697	997	49510	0	0.1 Prefix 7580 50507 0.350322 736.669 Suffix 3618 50507 0.444745 94.7988 Stem 13690 50507 0.046011 5259.64 SubMorph 4014 30010 0.00225271 1195.8 SuffixMorph 373 4604 0.152396 51.4984 PrefixMorph 1422 3282 0.733408 40.3223
400	1	35427.2	1.30146e+06	30616	970	49537	2	0.1 Prefix 7482 50507 0.333935 772.087 Suffix 3721 50507 0.432991 117.817 Stem 13734 50507 0.0550439 5138.31 SubMorph 3850 30013 0.0025501 1124.08 SuffixMorph 392 4750 0.19923 62.0346 PrefixMorph 1437 3218 0.711374 56.2729
410	1	36183.7	1.30005e+06	30908	1032	49475	0	0.1 Prefix 7773 50507 0.354879 753.415 Suffix 3488 50507 0.427734 105.494 Stem 13723 50507 0.0632943 5106.96 SubMorph 4118 29992 0.00616387 1202.58 SuffixMorph 380 4478 0.112881 64.8056 PrefixMorph 1426 3203 0.775405 31.0499
420	1	36940.8	1.29842e+06	30525	1006	49501	1	0.1 Prefix 7652 50507 0.354866 748.044 Suffix 3371 50507 0.41628 120.533 Stem 13729 50507 0.0410417 5307.97 SubMorph 4018 30027 0.00409296 1170.34 SuffixMorph 380 4422 0.161512 58.4765 PrefixMorph 1375 3222 0.769526 15.4729
430	1	37683.3	1.2976e+06	30641	1037	49470	1	0.1 Prefix 7540 50507 0.382129 609.718 Suffix 3601 50507 0.44074 108.81 Stem 13790 50507 0.0353864 5488.27 SubMorph 3934 30033 0.00153756 1147.93 SuffixMorph 383 4574 0.219684 37.6017 PrefixMorph 1393 3140 0.742799 17.8142
440	1	38428.8	1.29977e+06	30317	972	49535	0	0.1 Prefix 7467 50507 0.359015 698.662 Suffix 3319 50507 0.392442 124.087 Stem 13785 50507 0.0561938 5188.15 SubMorph 3998 30022 0.00318572 1157.24 SuffixMorph 375 4271 0.187053 50.6582 PrefixMorph 1373 3072 0.764292 31.5216
450	1	39182.5	1.30147e+06	30837	1043	49464	4	0.1 Prefix 7825 50507 0.38699 657.985 Suffix 3469 50507 0.411719 131.665 Stem 13727 50507 0.0385865 5282.31 SubMorph 4032 30087 0.00114305 1217.36 SuffixMorph 344 4367 0.14594 59.8926 PrefixMorph 1440 3111 0.791957 27.2343
460	1	39937.9	1.3013e+06	30685	1037	49470	2	0.1 Prefix 7720 50507 0.357872 745.551 Suffix 3340 50507 0.38736 133.861 Stem 13892 50507 0.0689179 5016.47 SubMorph 4022 30244 0.0140307 1183.75 SuffixMorph 375 4221 0.26677 34.8195 PrefixMorph 1336 3148 0.759474 6.4253
470	1	40692.6	1.30165e+06	30683	966	49541	2	0.1 Prefix 7566 50507 0.363195 687.198 Suffix 3526 50507 0.417541 113.123 Stem 13866 50507 0.0698056 5160.6 SubMorph 4008 30316 0.00147656 1203.24 SuffixMorph 355 4481 0.155278 50.9163 PrefixMorph 1362 3107 0.772166 18.0982
480	1	41427.2	1.30252e+06	30953	951	49556	0	0.1 Prefix 7724 50507 0.365359 693.875 Suffix 3563 50507 0.415628 145.744 Stem 13948 50507 0.0631081 5072.77 SubMorph 4035 30368 0.00512924 1136.61 SuffixMorph 368 4534 0.245336 41.3029 PrefixMorph 1315 3052 0.770588 20.3945
490	1	42189.3	1.30027e+06	30725	940	49567	1	0.1 Prefix 7597 50507 0.373265 674.652 Suffix 3718 50507 0.440633 98.5336 Stem 13825 50507 0.0589372 5204.84 SubMorph 3917 30199 0.00439166 1150.53 SuffixMorph 338 4748 0.159089 54.3504 PrefixMorph 1330 3114 0.757155 18.62
500	1	42951.1	1.29892e+06	30700	992	49515	0	0.1 Prefix 7474 50507 0.352238 759.942 Suffix 3445 50507 0.411805 124.417 Stem 13991 50507 0.0698023 4983.75 SubMorph 4091 30358 0.00389527 1206.48 SuffixMorph 331 4488 0.175736 39.7819 PrefixMorph 1368 2915 0.806535 7.24569
