# D = 1, E = 1, I = 1, P = 0, R = -1, n = 500, N = 1, P = 0, w = 1, a = 0.1, b = 1000, e = 1, f = 1, g = 10, h = 0.1, r = 1599184277, s = 1, S = 0, x = 10, m = 0, Z = 1, z = 0, T = 1, t = 1
# 529804 tokens in 50507 sentences
#
# It	Temp	Time	-logP	tables	same	changed	reject	default_pya	(parent pym pyn pya pyb)*
0	1	10.84	2.31486e+06	300818	0	50507	0	0.1 SuffixMorph 74538 74538 0.1 1000 Prefix 50507 50507 0.1 1000 Suffix 50507 50507 0.1 1000 Stem 50507 50507 0.1 1000 PrefixMorph 74759 74759 0.1 1000
10	1	2796.25	1.41899e+06	36235	898	49609	0	0.1 SuffixMorph 1052 5614 0.128242 287.96 Prefix 14708 50507 0.0270504 6189.46 Suffix 10384 50507 0.19668 2308.31 Stem 5908 50507 0.051701 1470.16 PrefixMorph 4183 27369 0.000482398 1329.6
20	1	4223.89	1.3886e+06	34999	878	49629	0	0.1 SuffixMorph 637 3934 0.19473 116.126 Prefix 16226 50507 0.110578 6162.7 Suffix 10180 50507 0.34734 1276.18 Stem 4038 50507 0.0464656 891.968 PrefixMorph 3918 31789 0.00238664 1151.63
30	1	5632.14	1.3719e+06	34344	990	49517	0	0.1 SuffixMorph 462 2964 0.105001 114.251 Prefix 16798 50507 0.142025 6060.73 Suffix 9845 50507 0.388441 1003.09 Stem 3223 50507 0.0725563 607.444 PrefixMorph 4016 33876 0.0129397 1053.26
40	1	7000.06	1.3561e+06	33749	996	49511	0	0.1 SuffixMorph 402 2527 0.0696846 110.867 Prefix 17231 50507 0.171188 6010.4 Suffix 9413 50507 0.417394 742.479 Stem 2693 50507 0.0950389 436.761 PrefixMorph 4010 34904 0.0048375 1114.48
50	1	8237.83	1.34915e+06	33378	1080	49427	0	0.1 SuffixMorph 352 2218 0.0507875 99.4622 Prefix 17553 50507 0.195678 5936 Suffix 8973 50507 0.412348 730.153 Stem 2504 50507 0.131333 353.808 PrefixMorph 3996 35720 0.00109909 1085.75
60	1	9467.08	1.33928e+06	33113	1134	49373	0	0.1 SuffixMorph 357 1930 0.117068 79.9782 Prefix 17629 50507 0.186909 6030.23 Suffix 8788 50507 0.423941 647.436 Stem 2271 50507 0.128376 294.244 PrefixMorph 4068 36017 0.00805677 1075.11
70	1	10672.8	1.33136e+06	33257	1130	49377	0	0.1 SuffixMorph 311 1746 0.0766973 88.7891 Prefix 17838 50507 0.20552 5858.13 Suffix 8736 50507 0.47161 497.562 Stem 2122 50507 0.176381 228.974 PrefixMorph 4250 36545 0.00140756 1212.26
80	1	11888.2	1.33195e+06	33300	1119	49388	0	0.1 SuffixMorph 333 1701 0.107347 85.0936 Prefix 18118 50507 0.218902 5837.46 Suffix 8283 50507 0.436819 556.577 Stem 2050 50507 0.154463 230.906 PrefixMorph 4516 37084 0.00674235 1231.77
90	1	13059.7	1.32357e+06	33539	1163	49344	0	0.1 SuffixMorph 278 1615 0.0525319 83.3319 Prefix 18250 50507 0.233194 5653.34 Suffix 8660 50507 0.484245 441.085 Stem 1891 50507 0.156843 206.55 PrefixMorph 4460 37294 0.000594448 1284.05
100	1	14204.1	1.32138e+06	32880	1106	49401	2	0.1 SuffixMorph 274 1455 0.0822946 69.3434 Prefix 18318 50507 0.217956 5865.01 Suffix 7897 50507 0.435201 506.199 Stem 1895 50507 0.180381 200.135 PrefixMorph 4496 37487 0.00368405 1266.66
110	1	15289	1.31778e+06	32724	1170	49337	2	0.1 SuffixMorph 263 1416 0.13207 65.6614 Prefix 18398 50507 0.234834 5727.57 Suffix 7863 50507 0.430695 507.026 Stem 1764 50507 0.148217 192.471 PrefixMorph 4436 37724 0.00582797 1262.58
120	1	16360.1	1.3146e+06	32710	1168	49339	0	0.1 SuffixMorph 260 1463 0.00723324 80.6571 Prefix 18420 50507 0.246085 5635.55 Suffix 7783 50507 0.451329 453.449 Stem 1749 50507 0.164096 184.738 PrefixMorph 4498 37832 0.000161154 1266.68
130	1	17417.2	1.312e+06	32771	1184	49323	0	0.1 SuffixMorph 253 1280 0.057303 77.9139 Prefix 18483 50507 0.235868 5769.04 Suffix 7541 50507 0.454703 387.853 Stem 1784 50507 0.214963 153.538 PrefixMorph 4710 37929 0.00525857 1345.89
140	1	18493.9	1.3093e+06	32597	1141	49366	0	0.1 SuffixMorph 244 1305 0.135651 60.3944 Prefix 18512 50507 0.24545 5651.86 Suffix 7435 50507 0.458343 389.406 Stem 1718 50507 0.197904 156.258 PrefixMorph 4688 37849 0.00387353 1353.98
150	1	19527.8	1.3048e+06	32238	1177	49330	1	0.1 SuffixMorph 236 1214 0.0387307 79.197 Prefix 18581 50507 0.244319 5768.05 Suffix 7238 50507 0.445497 376.219 Stem 1649 50507 0.214774 138.698 PrefixMorph 4534 38038 0.00180493 1276
160	1	20551.3	1.30216e+06	32244	1186	49321	1	0.1 SuffixMorph 207 1161 0.0427445 63.9624 Prefix 18678 50507 0.253264 5629.31 Suffix 7070 50507 0.45733 373.328 Stem 1596 50507 0.191836 130.567 PrefixMorph 4693 38329 0.00518965 1342.88
170	1	21565.1	1.29575e+06	32004	1183	49324	1	0.1 SuffixMorph 228 1125 0.0251534 75.7901 Prefix 18672 50507 0.244366 5920.66 Suffix 6910 50507 0.453382 348.151 Stem 1533 50507 0.23601 106.04 PrefixMorph 4661 38346 0.00377351 1318.47
180	1	22560.7	1.29236e+06	31907	1163	49344	1	0.1 SuffixMorph 228 1033 0.0396536 75.4892 Prefix 18817 50507 0.243621 5942.8 Suffix 6620 50507 0.467543 283.64 Stem 1582 50507 0.22431 120.91 PrefixMorph 4660 38557 0.00307844 1336.97
190	1	23532.5	1.29319e+06	31824	1150	49357	1	0.1 SuffixMorph 209 1119 0.136513 46.5202 Prefix 18698 50507 0.249047 5833.98 Suffix 6607 50507 0.461443 295.122 Stem 1634 50507 0.250896 106.038 PrefixMorph 4676 38444 0.00116881 1294.03
200	1	24481.8	1.29189e+06	31625	1072	49435	2	0.1 SuffixMorph 199 1086 0.143054 43.6338 Prefix 18756 50507 0.243064 5596.53 Suffix 6341 50507 0.473718 239.346 Stem 1575 50507 0.231942 112.851 PrefixMorph 4754 38656 0.0118405 1321.17
210	1	25422.7	1.28602e+06	31681	1148	49359	0	0.1 SuffixMorph 193 1049 0.0194899 74.5688 Prefix 18817 50507 0.256184 5721.67 Suffix 6344 50507 0.466194 276.124 Stem 1548 50507 0.251384 103.121 PrefixMorph 4779 38622 0.0181651 1312.09
220	1	26355.7	1.28147e+06	31427	1122	49385	0	0.1 SuffixMorph 203 1070 0.0668091 66.159 Prefix 18828 50507 0.262218 5573.23 Suffix 5971 50507 0.489002 195.06 Stem 1547 50507 0.263147 85.6473 PrefixMorph 4878 38455 0.0014606 1402.73
230	1	27218.6	1.28395e+06	30638	1126	49381	0	0.1 SuffixMorph 202 998 0.192747 41.6084 Prefix 18857 50507 0.254359 5778.1 Suffix 5255 50507 0.4043 289.704 Stem 1562 50507 0.267213 79.0885 PrefixMorph 4762 38510 0.00999599 1347.14
240	1	28058.2	1.27934e+06	30509	1172	49335	0	0.1 SuffixMorph 186 939 0.0342227 54.7495 Prefix 18938 50507 0.245941 6048.69 Suffix 5126 50507 0.426288 219.97 Stem 1469 50507 0.264652 82.8968 PrefixMorph 4790 38673 0.010461 1316.25
250	1	28883.6	1.27632e+06	30608	1151	49356	0	0.1 SuffixMorph 199 884 0.0364917 66.2714 Prefix 18962 50507 0.249306 5884.25 Suffix 5178 50507 0.447612 211.333 Stem 1472 50507 0.220107 100.818 PrefixMorph 4797 38746 0.000944826 1380.18
260	1	29705	1.27475e+06	30413	1179	49328	1	0.1 SuffixMorph 198 943 0.119198 55.9627 Prefix 18864 50507 0.253082 5809.14 Suffix 5144 50507 0.442254 216.905 Stem 1404 50507 0.226818 93.6959 PrefixMorph 4803 38615 0.00170096 1373.07
270	1	30467.6	1.27302e+06	29969	1099	49408	0	0.1 SuffixMorph 197 908 0.0394727 62.8051 Prefix 18955 50507 0.267881 5608.31 Suffix 4636 50507 0.403791 224.389 Stem 1396 50507 0.236278 85.8721 PrefixMorph 4785 38486 0.0037901 1347.96
280	1	31211.5	1.27263e+06	30203	1109	49398	1	0.1 SuffixMorph 188 918 0.0067833 64.1076 Prefix 18977 50507 0.262198 5840.63 Suffix 4656 50507 0.402028 247.009 Stem 1498 50507 0.260958 89.6493 PrefixMorph 4884 38523 0.0085047 1380.61
290	1	31963.3	1.27209e+06	30321	1079	49428	0	0.1 SuffixMorph 188 907 0.0509287 63.3848 Prefix 19117 50507 0.259319 5885.71 Suffix 4708 50507 0.413109 218.577 Stem 1396 50507 0.243584 90.0919 PrefixMorph 4912 38849 0.00191571 1418.4
300	1	32727.6	1.26904e+06	29947	1068	49439	1	0.1 SuffixMorph 176 892 0.137079 46.0338 Prefix 19025 50507 0.244251 6172.4 Suffix 4597 50507 0.413305 215.623 Stem 1367 50507 0.225649 101.552 PrefixMorph 4782 38713 0.000710705 1374.87
310	1	33495.5	1.26957e+06	30378	1107	49400	0	0.1 SuffixMorph 170 892 0.0539098 55.2518 Prefix 19011 50507 0.262435 5839.24 Suffix 4852 50507 0.437742 185.78 Stem 1457 50507 0.257921 85.2451 PrefixMorph 4888 38699 0.0035185 1378.45
320	1	34268	1.26762e+06	30365	1065	49442	0	0.1 SuffixMorph 165 878 0.00403824 57.6496 Prefix 19151 50507 0.272819 5703.08 Suffix 4641 50507 0.4497 160.334 Stem 1465 50507 0.249121 92.7882 PrefixMorph 4943 38850 0.00495812 1444.01
330	1	35033.9	1.26494e+06	30260	1049	49458	0	0.1 SuffixMorph 177 904 0.0529267 51.7977 Prefix 19037 50507 0.256603 5673.19 Suffix 4686 50507 0.460577 186.452 Stem 1413 50507 0.267427 81.4641 PrefixMorph 4947 38592 0.00120443 1445.89
340	1	35800.2	1.26201e+06	29874	1019	49488	1	0.1 SuffixMorph 179 869 0.0135804 61.4335 Prefix 18975 50507 0.246521 6074.64 Suffix 4487 50507 0.461041 136.105 Stem 1362 50507 0.258219 85.4253 PrefixMorph 4871 38734 0.00432242 1378.76
350	1	36548.9	1.26089e+06	30233	974	49533	0	0.1 SuffixMorph 166 919 0.0413923 51.924 Prefix 19162 50507 0.257597 5809.15 Suffix 4518 50507 0.45125 128.151 Stem 1392 50507 0.260641 63.1587 PrefixMorph 4995 38755 0.00208025 1449.79
360	1	37304.3	1.26019e+06	30270	1131	49376	1	0.1 SuffixMorph 187 921 0.0354928 68.5173 Prefix 19163 50507 0.255351 5826.58 Suffix 4543 50507 0.477969 121.731 Stem 1328 50507 0.244164 76.129 PrefixMorph 5049 38807 6.54115e-05 1481.61
370	1	38057.1	1.26263e+06	30437	1055	49452	0	0.1 SuffixMorph 176 864 0.0434612 62.4235 Prefix 19125 50507 0.250163 6028.94 Suffix 4662 50507 0.470811 151.847 Stem 1398 50507 0.249966 85.8028 PrefixMorph 5076 38881 0.0183101 1427.54
380	1	38823.2	1.26138e+06	30443	1136	49371	2	0.1 SuffixMorph 164 907 0.111176 45.8906 Prefix 19228 50507 0.273602 5549.83 Suffix 4678 50507 0.446747 171.624 Stem 1365 50507 0.236226 89.6884 PrefixMorph 5008 38848 0.00783742 1411.71
390	1	39594.3	1.26405e+06	30587	1070	49437	1	0.1 SuffixMorph 165 847 0.195203 33.4545 Prefix 19228 50507 0.266079 5771.84 Suffix 4655 50507 0.448031 177.783 Stem 1406 50507 0.271424 70.5468 PrefixMorph 5133 38860 0.00881299 1472.51
400	1	40343.7	1.26432e+06	29943	1063	49444	2	0.1 SuffixMorph 194 894 0.032558 64.5482 Prefix 19074 50507 0.264349 5703.51 Suffix 4431 50507 0.422191 159.331 Stem 1298 50507 0.268613 63.7993 PrefixMorph 4946 38802 0.000677623 1443.09
410	1	41080.9	1.25909e+06	30279	1039	49468	0	0.1 SuffixMorph 166 832 0.014143 62.8314 Prefix 19185 50507 0.27312 5753.46 Suffix 4650 50507 0.460228 146.883 Stem 1321 50507 0.242745 75.7781 PrefixMorph 4957 38885 0.0060254 1439.87
420	1	41846.2	1.25793e+06	30594	1080	49427	0	0.1 SuffixMorph 183 868 0.0279229 60.4474 Prefix 19164 50507 0.271142 5737.02 Suffix 4856 50507 0.47247 165.718 Stem 1306 50507 0.260307 66.3537 PrefixMorph 5085 38739 0.00559948 1450.97
430	1	42598.7	1.2561e+06	30125	1096	49411	0	0.1 SuffixMorph 152 822 0.149803 28.4699 Prefix 19212 50507 0.267575 5761.91 Suffix 4389 50507 0.437411 146.905 Stem 1325 50507 0.265947 72.3522 PrefixMorph 5047 38853 0.00132156 1478.4
440	1	43300	1.25678e+06	29597	1085	49422	0	0.1 SuffixMorph 167 784 0.0132068 60.5665 Prefix 19216 50507 0.276135 5531.02 Suffix 3906 50507 0.405519 146.491 Stem 1272 50507 0.233698 80.4817 PrefixMorph 5036 39003 0.00225696 1480.95
450	1	44017.4	1.25801e+06	30222	1031	49476	0	0.1 SuffixMorph 163 889 0.127882 40.7969 Prefix 19238 50507 0.261662 5781.82 Suffix 4424 50507 0.474631 129.199 Stem 1233 50507 0.230536 79.1497 PrefixMorph 5164 38986 0.00465173 1544.19
460	1	44790.7	1.25542e+06	30719	1057	49450	0	0.1 SuffixMorph 173 881 0.0224808 58.5897 Prefix 19283 50507 0.257484 6021.78 Suffix 4807 50507 0.492809 124.822 Stem 1309 50507 0.245065 86.8383 PrefixMorph 5147 38888 0.000806737 1502.24
470	1	45552.2	1.25195e+06	30433	1089	49418	3	0.1 SuffixMorph 163 842 0.0925331 50.2718 Prefix 19277 50507 0.277918 5614.59 Suffix 4611 50507 0.474288 141.756 Stem 1278 50507 0.258299 80.5372 PrefixMorph 5104 38950 0.0263245 1458.62
480	1	46325.9	1.24903e+06	30400	1099	49408	2	0.1 SuffixMorph 164 817 0.0566371 49.3835 Prefix 19275 50507 0.285993 5494.73 Suffix 4519 50507 0.475305 119.549 Stem 1255 50507 0.239969 87.8928 PrefixMorph 5187 38979 0.00491949 1512.47
490	1	47105.3	1.24926e+06	30743	1115	49392	0	0.1 SuffixMorph 173 811 0.130735 44.164 Prefix 19287 50507 0.268462 5765.32 Suffix 4708 50507 0.50397 106.232 Stem 1246 50507 0.267085 69.0028 PrefixMorph 5329 39014 0.0108181 1528.36
500	1	47879.7	1.24475e+06	30404	1099	49408	0	0.1 SuffixMorph 159 800 0.0470307 48.5007 Prefix 19275 50507 0.27287 5682.49 Suffix 4668 50507 0.489828 118.58 Stem 1186 50507 0.212403 84.3603 PrefixMorph 5116 39130 0.00430011 1499.45
